										
//Number	Desc	State Class	Type	Rate	DelayTime(ms)	Target Type	X	Y
0								


1	"일반상태01"	0	1	100	1000	-1	-1	-1
2	"목적지이동01"	1	12	100	1000	2	121	36
3	"테스트공격"	2	21	100	300	2	-1	-1
4	"회피-도망"	4	41	100	300	2	-1	-1
5	"셀프치료"	3	31	100	300	2	-1	-1


6	"그룹소환"	6	62	100	300	2	-1	-1
7	"그룹치료"	3	32	100	300	2	-1	-1
8	"그룹이동"	1	13	100	300	2	-1	-1
9	"특정위치공격"	2	22	100	300	2	121	36

// 스테이지1,2,3의 개별 1차 공격 목표 지점								
11	"1목적지이동1-1"	1	12	100	1000	2	128	45
12	"1목적지이동1-2"	1	12	100	1000	2	109	42
13	"1목적지이동1-3"	1	12	100	1000	2	123	84
14	"1목적지이동1-4"	1	12	100	1000	2	119	87
15	"1목적지이동2-1"	1	12	100	1000	2	105	32
16	"1목적지이동2-2"	1	12	100	1000	2	89	32
17	"1목적지이동2-3"	1	12	100	1000	2	83	29
18	"1목적지이동2-4"	1	12	100	1000	2	65	34
19	"1목적지이동3-1"	1	12	100	1000	2	136	38
20	"1목적지이동3-2"	1	12	100	1000	2	134	19
21	"1목적지이동3-3"	1	12	100	1000	2	177	37
22	"1목적지이동3-4"	1	12	100	1000	2	179	33
// 스테이지 1,2,3의 개별 2차 공격 목표 지점								
31	"1목적지이동1-1"	1	12	100	1000	2	126	35
32	"1목적지이동1-2"	1	12	100	1000	2	125	27		
33	"1목적지이동1-3"	1	12	100	1000	2	121	19		
34	"1목적지이동1-4"	1	12	100	1000	2	119	87		
35	"1목적지이동2-1"	1	12	100	1000	2	120	38		
36	"1목적지이동2-2"	1	12	100	1000	2	115	32		
37	"1목적지이동2-3"	1	12	100	1000	2	109	40		
38	"1목적지이동2-4"	1	12	100	1000	2	65	34		
39	"1목적지이동3-1"	1	12	100	1000	2	117	27		
40	"1목적지이동3-2"	1	12	100	1000	2	117	37		
41	"1목적지이동3-3"	1	12	100	1000	2	131	31		
42	"1목적지이동3-4"	1	12	100	1000	2	179	33		

51	"1-1특정위치공격"	2	22	100	300	2	121	52		// 북쪽 성문 입구 공격
52	"1-2특정위치공격"	2	22	100	300	2	120	35		// 기존 공격위치
53	"2-1특정위치공격"	2	22	100	300	2	101	31		// 서쪽 성문 입구 공격
51	"2-2특정위치공격"	2	22	100	300	2	117	31		// 기존 공격위치
52	"3-1특정위치공격"	2	22	100	300	2	141	32		// 동쪽 성문 입구 공격
53	"3-2특정위치공격"	2	22	100	300	2	125	31		// 기존 공격위치

// 칸투르 마야 손
60	"무적"			6	64	100	1000	-1	-1	-1
61	"일반공격"		2	21	100	1000	1	-1	-1
62	"빠른공격"		2	21	100	800	1	-1	-1
63	"아주빠른공격"		2	21	100	100	1	-1	-1
64	"스킬난사"		2	23	100	300	1	-1	-1		// Class랑 Type 수정해야함
65	"일반이동"		1	11	100	100	1	-1	-1

// 나이트메어
//Number Desc		State Class	Type	Rate	DelayTime(ms)	Target Type	X	Y
66  "나이트메어무적"	6		64	100	1000		-1		2	2
67  "일반이동"		1		11	100	100		1		-1	-1
68  "일반공격"		2		21	100	1000		1		-1	-1
69  "소환"		6		65	100	1000		1		-1	-1
70  "워프1"		6		66	100	1000		1		79	100
71  "워프2"		6		66	100	1000		1		78	124
72  "워프3"		6		66	100	1000		1		78	141
73  "공격패턴1"		2		67	100	1000		60		40	0
74  "공격패턴2"		2		67	100	1000		40		60	0
75  "공격패턴3"		2		67	100	1000		30		30	40
76  "공격패턴4"		2		67	100	1000		30		20	50
77  "AI변경1"		7		68      100     1000            23          	1 	-1
78  "AI변경2"		7		68      100     1000            23          	2  	-1
79  "AI변경3"		7		68      100     1000            23          	3  	-1
//Number	Desc	State Class	Type	Rate	DelayTime(ms)	Target Type	X	Y		
// 제국 수호군 요새 몬스터 추가 2009-06-26										
// 일반 몬스터										
80	"일반상태01"	0	1	100	1000	-1	-1	-1		
81	"일반이동01"	1	11	100	1000	-1	-1	-1		
82	"일반공격01"	2	21	100	1000	-1	-1	-1		
								
// 일반 몬스터 - 치유병										
83	"치료상태01"	3	31	100	1000	-1	-1	-1		
84	"그룹힐01"	3	32	100	1000	-1	-1	-1		
end	