///////////////////////////////////////////////////////////////////////////////////////////////																					
//	[ Text Version ]	0.0.0.6																			
//	[ Test Sever ver ]	-																			
//	[ Main Sever ver ]	-																			
//	[ Athor ]	이준희																			
//	[ Data ]	2010-02-17 06:58 PM																			
//	[ 내용 ]	신규 리뉴얼 몬스터 스킬 추가																			
///////////////////////////////////////////////////////////////////////////////////////////////																					
//Index	Name	Type0	Unit0	Type1	Unit1	Type2	Unit2	Type3	Unit3	Type4	Unit4	Type5	Unit5	Type6	Unit6	Type7	Unit7	Type8	Unit8	Type9	Unit9
0																					
//아이다																					
//304	"위치퀸"	0	4	0	1	-1	-1	-1	-1	-1	-1	-1	-1	-1	-1	-1	-1	-1	-1	-1	-1
//305	"블루골렘"	0	5	-1	-1	-1	-1	-1	-1	-1	-1	-1	-1	-1	-1	-1	-1	-1	-1	-1	-1
309	"헬마이네"	0	2	0	3	-1	-1	-1	-1	-1	-1	-1	-1	-1	-1	-1	-1	-1	-1	-1	-1
//크라이울프																					
340	"다크엘프"	30	6	21	7	0	8	-1	-1	-1	-1	-1	-1	-1	-1	-1	-1	-1	-1	-1	-1
341	"소람"	0	11	-1	-1	-1	-1	-1	-1	-1	-1	-1	-1	-1	-1	-1	-1	-1	-1	-1	-1
344	"발람"	0	9	-1	-1	-1	-1	-1	-1	-1	-1	-1	-1	-1	-1	-1	-1	-1	-1	-1	-1
345	"데쓰스피릿"	0	10	-1	-1	-1	-1	-1	-1	-1	-1	-1	-1	-1	-1	-1	-1	-1	-1	-1	-1
349	"발가스"	0	12	0	13	-1	-1	-1	-1	-1	-1	-1	-1	-1	-1	-1	-1	-1	-1	-1	-1
//칸투르																					
355	"켄타우로스"	-1	-1	0	14	-1	-1	-1	-1	-1	-1	-1	-1	-1	-1	-1	-1	-1	-1	-1	-1
358	"페르소나"	-1	-1	0	15	-1	-1	-1	-1	-1	-1	-1	-1	-1	-1	-1	-1	-1	-1	-1	-1
359	"트윈테일"	-1	-1	0	16	-1	-1	-1	-1	-1	-1	-1	-1	-1	-1	-1	-1	-1	-1	-1	-1
360	"드레드피어"	-1	-1	0	17	-1	-1	-1	-1	-1	-1	-1	-1	-1	-1	-1	-1	-1	-1	-1	-1
																					
361	"나이트메어"	0	18	1	19	30	20	2	21	-1	-1	-1	-1	-1	-1	-1	-1	-1	-1	-1	-1
																					
362	"마야의손"	0	23	2	24	-1	-1	-1	-1	-1	-1	-1	-1	-1	-1	-1	-1	-1	-1	-1	-1
363	"마야의손"	0	23	2	24	-1	-1	-1	-1	-1	-1	-1	-1	-1	-1	-1	-1	-1	-1	-1	-1
364	"마야"	31	25	1	26	-1	-1	-1	-1	-1	-1	-1	-1	-1	-1	-1	-1	-1	-1	-1	-1
																					
388	"환영교단의망령C"	0	28	0	27	-1	-1	-1	-1	-1	-1	-1	-1	-1	-1	-1	-1	-1	-1	-1	-1
391	"환영교단의망령C"	0	28	0	27	-1	-1	-1	-1	-1	-1	-1	-1	-1	-1	-1	-1	-1	-1	-1	-1
394	"환영교단의망령C"	0	28	0	27	-1	-1	-1	-1	-1	-1	-1	-1	-1	-1	-1	-1	-1	-1	-1	-1
397	"환영교단의망령C"	0	28	0	27	-1	-1	-1	-1	-1	-1	-1	-1	-1	-1	-1	-1	-1	-1	-1	-1
400	"환영교단의망령C"	0	28	0	27	-1	-1	-1	-1	-1	-1	-1	-1	-1	-1	-1	-1	-1	-1	-1	-1
403	"환영교단의망령C"	0	28	0	27	-1	-1	-1	-1	-1	-1	-1	-1	-1	-1	-1	-1	-1	-1	-1	-1
																					
412	"다크엘프(훈련병)"	0	8	-1	-1	-1	-1	-1	-1	-1	-1	-1	-1	-1	-1	-1	-1	-1	-1	-1	-1
440	"다크엘프(훈련병)"	0	8	-1	-1	-1	-1	-1	-1	-1	-1	-1	-1	-1	-1	-1	-1	-1	-1	-1	-1
//라클리온																					
454	"아이스 워커"	0	29	-1	-1	-1	-1	-1	-1	-1	-1	-1	-1	-1	-1	-1	-1	-1	-1	-1	-1
455	"자이언트 매머드"	0	30	-1	-1	-1	-1	-1	-1	-1	-1	-1	-1	-1	-1	-1	-1	-1	-1	-1	-1
456	"아이스 자이언트"	0	31	-1	-1	-1	-1	-1	-1	-1	-1	-1	-1	-1	-1	-1	-1	-1	-1	-1	-1
457	"쿨러틴"	0	32	-1	-1	-1	-1	-1	-1	-1	-1	-1	-1	-1	-1	-1	-1	-1	-1	-1	-1
458	"아이언 나이트"	0	33	-1	-1	-1	-1	-1	-1	-1	-1	-1	-1	-1	-1	-1	-1	-1	-1	-1	-1
459	"세루판"	31	37	0	34	0	35	0	36	30	38	20	39	0	40	0	41	10	42	-1	-1
//제국 수호군 요새																					
504	"가이온 카레인"	0	67	0	64	0	65	0	66	-1	-1	-1	-1	-1	-1	-1	-1	-1	-1	-1	-1
505	"제린트"	-1	-1	0	55	0	61	-1	-1	-1	-1	-1	-1	-1	-1	-1	-1	-1	-1	-1	-1
506	"레이몬드"	-1	-1	0	60	0	52	-1	-1	-1	-1	-1	-1	-1	-1	-1	-1	-1	-1	-1	-1
507	"에르카느"	-1	-1	0	62	0	63	-1	-1	-1	-1	-1	-1	-1	-1	-1	-1	-1	-1	-1	-1
508	"데슬러"	-1	-1	0	57	0	58	-1	-1	-1	-1	-1	-1	-1	-1	-1	-1	-1	-1	-1	-1
509	"버몬트"	-1	-1	0	60	0	61	-1	-1	-1	-1	-1	-1	-1	-1	-1	-1	-1	-1	-1	-1
510	"카토"	-1	-1	0	58	0	60	-1	-1	-1	-1	-1	-1	-1	-1	-1	-1	-1	-1	-1	-1
511	"갈리아"	-1	-1	0	58	0	60	-1	-1	-1	-1	-1	-1	-1	-1	-1	-1	-1	-1	-1	-1
512	"병참장교"	-1	-1	0	47	0	48	-1	-1	-1	-1	-1	-1	-1	-1	-1	-1	-1	-1	-1	-1
513	"전투교관"	-1	-1	0	47	0	49	-1	-1	-1	-1	-1	-1	-1	-1	-1	-1	-1	-1	-1	-1
514	"기사단장"	-1	-1	0	47	0	50	-1	-1	-1	-1	-1	-1	-1	-1	-1	-1	-1	-1	-1	-1
515	"대마법사"	-1	-1	0	51	0	52	-1	-1	-1	-1	-1	-1	-1	-1	-1	-1	-1	-1	-1	-1
516	"암살단장"	-1	-1	0	47	0	53	-1	-1	-1	-1	-1	-1	-1	-1	-1	-1	-1	-1	-1	-1
517	"기마단장"	-1	-1	0	54	0	55	0	56	-1	-1	-1	-1	-1	-1	-1	-1	-1	-1	-1	-1
518	"방패병"	-1	-1	0	44	0	45	-1	-1	-1	-1	-1	-1	-1	-1	-1	-1	-1	-1	-1	-1
519	"치유병"	-1	-1	0	46	-1	-1	-1	-1	-1	-1	-1	-1	-1	-1	-1	-1	-1	-1	-1	-1
//520	"기사단"	-1	-1	-1	-1	-1	-1	-1	-1	-1	-1	-1	-1	-1	-1	-1	-1	-1	-1	-1	-1
//521	"호위병"	-1	-1	-1	-1	-1	-1	-1	-1	-1	-1	-1	-1	-1	-1	-1	-1	-1	-1	-1	-1
//신규 리뉴얼 몬스터 스킬 추가_아이다																					
551	"블러디골렘-스턴"	-1	-1	0	68	-1	-1	-1	-1	-1	-1	-1	-1	-1	-1	-1	-1	-1	-1	-1	-1
552	"위치퀸 - 얼음"	-1	-1	0	69	-1	-1	-1	-1	-1	-1	-1	-1	-1	-1	-1	-1	-1	-1	-1	-1
//신규 리뉴얼 몬스터 스킬 추가_칸투르 폐허																					
553	"버서커 - 스턴공"	-1	-1	0	70	-1	-1	-1	-1	-1	-1	-1	-1	-1	-1	-1	-1	-1	-1	-1	-1
556	"제노사이더-스턴"	-1	-1	0	71	-1	-1	-1	-1	-1	-1	-1	-1	-1	-1	-1	-1	-1	-1	-1	-1
//신규 리뉴얼 몬스터 스킬 추가_평온의늪																					
557	"사피퀸 - 스턴방"	-1	-1	0	72	-1	-1	-1	-1	-1	-1	-1	-1	-1	-1	-1	-1	-1	-1	-1	-1
558	"아이스 네이핀-얼음"	-1	-1	0	73	-1	-1	-1	-1	-1	-1	-1	-1	-1	-1	-1	-1	-1	-1	-1	-1
559	"쉐도우마스터-스턴"	-1	-1	0	74	-1	-1	-1	-1	-1	-1	-1	-1	-1	-1	-1	-1	-1	-1	-1	-1
560	"메두사부하사피퀸 - 스턴방"	-1	-1	0	72	-1	-1	-1	-1	-1	-1	-1	-1	-1	-1	-1	-1	-1	-1	-1	-1
//신규 리뉴얼 몬스터 스킬 추가_라클리온																					
562	"다크메머드-독방"	-1	-1	0	75	-1	-1	-1	-1	-1	-1	-1	-1	-1	-1	-1	-1	-1	-1	-1	-1
563	"다크자이언트-독공"	-1	-1	0	76	-1	-1	-1	-1	-1	-1	-1	-1	-1	-1	-1	-1	-1	-1	-1	-1
565	"다크아이언나이트-독"	-1	-1	0	77	-1	-1	-1	-1	-1	-1	-1	-1	-1	-1	-1	-1	-1	-1	-1	-1
//보스 몬스터 스킬 추가_메두사																					
566	"메두사"	0	78	0	79	0	80	0	81	-1	-1	-1	-1	-1	-1	-1	-1	-1	-1	-1	-1
//보스 몬스터 스킬 추가_속성몬스터																					
592	"운디네-얼음"	-1	-1	0	85	0	86	0	87	-1	-1	-1	-1	-1	-1	-1	-1	-1	-1	-1	-1
593	"샐러맨더-독"	-1	-1	0	82	0	83	0	84	-1	-1	-1	-1	-1	-1	-1	-1	-1	-1	-1	-1
594	"실피드-밀기"	-1	-1	0	91	0	92	0	93	-1	-1	-1	-1	-1	-1	-1	-1	-1	-1	-1	-1
595	"노움-스턴"	-1	-1	0	88	0	89	0	90	-1	-1	-1	-1	-1	-1	-1	-1	-1	-1	-1	-1
596	"힐라사-HP감소"	-1	-1	0	94	0	95	0	96	-1	-1	-1	-1	-1	-1	-1	-1	-1	-1	-1	-1
//데벤테르 보스 몬스터 스킬 추가_속성몬스터																					
611	"셀리호든-독"	-1	-1	0	82	0	83	0	84	-1	-1	-1	-1	-1	-1	-1	-1	-1	-1	-1	-1
612	"우칸바-얼음"	-1	-1	0	85	0	86	0	87	-1	-1	-1	-1	-1	-1	-1	-1	-1	-1	-1	-1
613	"실라-밀기"	-1	-1	0	91	0	92	0	93	-1	-1	-1	-1	-1	-1	-1	-1	-1	-1	-1	-1
614	"노르무스-스턴"	-1	-1	0	88	0	89	0	90	-1	-1	-1	-1	-1	-1	-1	-1	-1	-1	-1	-1
615	"무프-HP감소"	-1	-1	0	94	0	95	0	96	-1	-1	-1	-1	-1	-1	-1	-1	-1	-1	-1	-1
// 아케론 수호자 보스 몬스터 스킬 추가_속성몬스터 #1																					
632	"저주운디네-얼음"	-1	-1	0	85	0	86	0	87	-1	-1	-1	-1	-1	-1	-1	-1	-1	-1	-1	-1
633	"저주샐러맨더-독"	-1	-1	0	82	0	83	0	84	-1	-1	-1	-1	-1	-1	-1	-1	-1	-1	-1	-1
634	"저주실피드-밀기"	-1	-1	0	91	0	92	0	93	-1	-1	-1	-1	-1	-1	-1	-1	-1	-1	-1	-1
635	"저주노움-스턴"	-1	-1	0	88	0	89	0	90	-1	-1	-1	-1	-1	-1	-1	-1	-1	-1	-1	-1
636	"저주힐라사-HP감소"	-1	-1	0	94	0	95	0	96	-1	-1	-1	-1	-1	-1	-1	-1	-1	-1	-1	-1
// 아케론 수호자 보스 몬스터 스킬 추가_속성몬스터 #2																					
637	"저주셀리호든-독"	-1	-1	0	82	0	83	0	84	-1	-1	-1	-1	-1	-1	-1	-1	-1	-1	-1	-1
638	"저주우칸바-얼음"	-1	-1	0	85	0	86	0	87	-1	-1	-1	-1	-1	-1	-1	-1	-1	-1	-1	-1
639	"저주실라-밀기"		-1	-1	0	91	0	92	0	93	-1	-1	-1	-1	-1	-1	-1	-1	-1	-1	-1	-1
640	"저주노르무스-스턴"	-1	-1	0	88	0	89	0	90	-1	-1	-1	-1	-1	-1	-1	-1	-1	-1	-1	-1
641	"저주무프-HP감소"	-1	-1	0	94	0	95	0	96	-1	-1	-1	-1	-1	-1	-1	-1	-1	-1	-1	-1
656	"Golden Hell Maine"	0	2	0	3	-1	-1	-1	-1	-1	-1	-1	-1	-1	-1	-1	-1	-1	-1	-1	-1
673	"Lord Silvester"	0	97	0	98	0	99	-1	-1	-1	-1	-1	-1	-1	-1	-1	-1	-1	-1	-1	-1
//각성몬스터 추가 2013-12-04 최유진																					
681	"EvoMon"		0	104	-1	-1	-1	-1	-1	-1	-1	-1	-1	-1	-1	-1	-1	-1	-1	-1	-1	-1
690	"Special EvoMon"	0	101	0	102	0	103	0	104	-1	105	-1	-1	-1	-1	-1	-1	-1	-1	-1	-1
//716	"Core Magriffy"		0	106	0	107	0	108	0	109	0	110	0	111	-1	-1	-1	-1	-1	-1	-1	-1	
//717	"Core Magriffy Clone"	0	106	0	107	0	108	0	109	0	110	-1	-1	-1	-1	-1	-1	-1	-1	-1	-1	
716	"Core Magriffy"		0	106	0	107	0	108	30	109	32	110	33	111	-1	-1	-1	-1	-1	-1	-1	-1
734	"Ferea Boss"		0	113	0	114	0	115	0	-1	-1	-1	-1	-1	-1	-1	-1	-1	-1	-1	-1	-1
746	"Nixie Boss"		0	117	0	118	0	119	0	120	0	121	0	122	-1	-1	-1	-1	-1	-1	-1	-1
763	"Cent"			0	125	0	126	0	128	0	129	0	130	0	131	-1	-1	-1	-1	-1	-1	-1	-1
// S13
790	"Monster of the Swamp" 	 0	134     -1	-1	-1	-1	-1	-1	-1	-1	-1	-1	-1	-1	-1	-1	-1	-1	-1	 -1
791	"Pet of the Swamp"	0	135     -1	-1	-1	-1	-1	-1	-1	-1	-1	-1	-1	-1	-1	-1	-1	-1	-1	 -1
792	"Pet of the Swamp"	0	135     -1	-1	-1	-1	-1	-1	-1	-1	-1	-1	-1	-1	-1	-1	-1	-1	-1	 -1
793	"Monster of the Water"	0	136     0	137     -1	-1	-1	-1	-1	-1	-1	-1	-1	-1	-1	-1	-1	-1	-1	 -1
794	"God of Darkness"	0	138     -1	-1	-1	-1	-1	-1	-1	-1	-1	-1	-1	-1	-1	-1	-1	-1	-1	 -1
end																																										
