//############################################
// POWERED BY MU ENGINE                                    //
//                    WWW.MUENGINE.ORG                      //
//###########################################

//[Elveland] Rhea
//Type	Index	Level	Dur	Skill	Luck	Option		
						
7	39	2	0	0	1	1 	//바이올랜윈드헬멧																					
8	39	2	0	0	1	1 	//바이올랜윈드갑옷																					
9	39	2	0	0	1	1 	//바이올랜윈드바지																					
10	39	2	0	0	1	1 	//바이올랜윈드장갑																					
11	39	2	0	0	1	1 	//바이올랜윈드부츠																					
7	40	3	0	0	1	1 	//레드윙헬멧																					
8	40	3	0	0	1	1 	//레드윙갑옷																					
9	40	3	0	0	1	1 	//레드윙바지																					
10	40	3	0	0	1	1 	//레드윙장갑																					
11	40	3	0	0	1	1 	//레드윙부츠																					
//지팡이류																												
1	0	1	0	0	1	1 	//작은도끼																					
0	1	0	0	0	1	1 	//짧은검																					
1	1	1	0	0	1	1 	//손도끼																					
0	2	2	0	1	1	1 	//레이피어																					
1	4	1	0	0	1	1 	//요정도끼																					
0	0	1	0	0	1	1 	//크리스																					
5	0	1	0	0	1	1 	//해골지팡이																					
5	14	1	0	0	1	1 	//미스터리스틱																					
5	15	2	0	0	1	1 	//바이올렌윈드스틱																					
5	16	3	0	0	1	1 	//레드윙스틱																					
end							
