// 은메달에서 나오는 아이템 리스트
// 무기
// type, index, level, skill, option
0 10  5 0 0 0
0 11  5 0 0 0
0 13  5 0 0 0
1 7   5 0 0 0
2 3   5 0 0 0
3 0   5 0 0 0
3 4   5 0 0 0
4 11  5 0 0 0
4 3   5 0 0 0
5 2   5 0 0 0
5 3   5 0 0 0
6 6   5 0 0 0
6 5   5 0 0 0
7 6   5 0 0 0
8 6   5 0 0 0
9 6   5 0 0 0
10 6  5 0 0 0
11 6  5 0 0 0
7 8   5 0 0 0
8 8   5 0 0 0
9 8   5 0 0 0
10 8  5 0 0 0
11 8  5 0 0 0
7 4   5 0 0 0
8 4   5 0 0 0
9 4   5 0 0 0
10 4  5 0 0 0
11 4  5 0 0 0

13 0 0 0 0 0
13 1 0 0 0 0
13 2 0 0 0 0

13 8 0 0 0 0
13 9 0 0 0 0
13 12 0 0 0 0
13 13 0 0 0 0

14 13 0 0 0 0
14 14 0 0 0 0
12 15 0 0 0 0