// Text Ver. 0.0.0.2																					
// Version 1.01d  - T Srv																					
// Version 1.01d  - M Srv																					
// 弥辆 累诀磊 - 捞刮沥																					
// 弥辆 累诀老 - 2006-03-20																					
// 郴侩: 娘敌 酒捞袍 Drop 汲沥(海仇固胶飘肺 牢郸胶 沥惑利侩登档废 荐沥)	
// 内容：困顿物品暴率设置(昆顿印记?)																			
																					
//靛酚啊瓷甘 汲沥 可以掉落物品的地图																					
0																					
//	MapIndex	Drop Flag	Min Monster Level	Max MonsterLevel																	
	0	0	0	1000	//肺罚矫酒 大陆																
	1	0	0	1000	//带傈     地下														
	2	0	0	1000	//单厚酒胶 冰风															
	3	0	0	1000	//畴府酒   仙																
	4	0	0	1000	//肺胶飘鸥况 失落																
	5	0	0	1000	//后傍埃	无															
	6	0	0	1000	//版扁厘(硅撇荤目) 竞技场																
	7	0	0	1000	//酒撇鄂胶	亚特															
	8	0	0	1000	//鸥福沫	沙漠														
	9	0	0	1000	//厩付狼堡厘	恶魔广场														
	10	0	0	1000	//捞墨风胶	天空														
end																					
																					
//靛酚哩 棺 酒捞袍靛酚 犬伏	金钱和物品暴率																				
//捞亥飘酒捞袍 靛酚 犬伏篮 EventItemDropRate/1000																					
//酒捞袍靛酚 犬伏篮 ItemDropRate/100, ExItemDropRate/1000																					
1																					
//	EventName	DropZen	EventItemType	EventItemIndex	EventItemLevel	EventItemDropRate	ItemDropRate	ExItemDropRate													
	"none"	1000000	0	0	0	0	100	1													
end																					
																					
//skill, luck, addtoption 狼 蔼捞 1捞搁 罚待栏肺 利侩, 0捞搁 利侩救窃 																					
2																					
//	type	index	minLve	maxLv	skill	luck	addop	exitemflag													
//公扁幅																					
	0	17	0	4	1	1	0	1	//屠龙刀												
//	0	18	0	4	1	1	0	1	//奔雷剑												
	0	31	0	4	1	1	0	1	//天雷剑												
//	0	20	0	4	1	1	0	0	//断月之光												
	0	21	0	4	1	1	0	0	//魔神剑	
	0	22	0	4	1	1	0	0	//龙骨巨晶剑380											
	0	23	0	4	1	1	0	0	//傲天魔剑380
	0	24	0	4	1	1	0	0	//暴风锯齿 
	0	25	0	4	1	1	0	0	//烈火巨刃 

	2	14	0	4	1	1	0	0	//圣尊天使之仗380			
	2	15	0	4	1	1	0	0	//圣光权杖
																							
	4	19	0	4	1	1	0	1	//追月神弩												
//	4	20	0	4	1	1	0	0	//红羽神弓
	4	21	0	4	1	1	0	0	//紫焰之弓380
	4	22	0	4	1	1	0	0	//碧影魔弓
												
	5	9	0	4	1	1	0	1	//麒麟杖												
//	5	11	0	4	1	1	0	0	//昆顿之杖													
	5	12	0	4	1	1	0	0	//死神之仗380	
	5	13	0	4	1	1	0	0	//幻月雷杖	
											
	0	16	0	0	1	1	0	1	//卓越的 破坏之剑		
	2	10	0	0	1	1	0	1	//卓越的 圣剑权杖		
	3	10	0	0	1	1	0	1	//卓越的 青龙刀		
	4	16	0	0	1	1	0	1	//卓越的 圣者之弩		
	4	17	0	0	1	1	0	1	//卓越的 圣灵之弓		
	5	8	0	0	1	1	0	1	//卓越的 毁灭杖		
											
//秋镐 棺 捧备幅											
//	7	21	0	4	0	1	0	0	//龙炎之盔		
//	7	22	0	4	0	1	0	0	//黑炎之盔
//	7	23	0	4	0	1	0	0       //红羽之盔 		
//	7	28	0	4	0	1	0	0	//至尊之盔
	7	29	0	4	0	1	0	0	// 暗黑斗神之盔380 
	7	30	0	4	0	1	0	0	// 法魂玄灵之盔 380 
	7	31	0	4	0	1	0	0	// 紫灵之盔 380 
	7	33	0	4	0	1	0	0	// 宙斯之盔 380 
	7	34	0	4	0	1	0	1	// 暴风之盔 380 
	7	35	0	4	0	1	0	1	// "幻月之盔"
	7	36	0	4	0	1	0	1	// "碧影之盔"
	7	38	0	4	0	1	0	1	// 圣光之盔"
		
											
//癌渴幅												
//	8	21	0	4	0	1	0	0	//龙炎之铠		
//	8	22	0	4	0	1	0	0	//黑炎之铠		
//	8	23	0	4	0	1	0	0	//魔神之铠		
//	8	24	0	4	0	1	0	0	//红羽之铠		
//	8	28	0	4	0	1	0	0	//至尊之铠
	8	29	0	4	0	1	0	0	//暗黑斗神之铠	380 
	8	30	0	4	1	1	0	0	//法魂玄灵之铠	380 	
	8	31	0	4	1	1	0	0	//紫灵之铠 	380 	
	8	32	0	4	1	1	0	0	//傲天魔剑之铠	380 	
	8	33	0	4	1	1	0	0	//宙斯之铠	380 	
	8	34	0	4	1	1	0	0	//暴风之铠
	8	35	0	4	1	1	0	0	//幻月之铠
	8	36	0	4	1	1	0	0	//碧影之铠
	8	37	0	4	1	1	0	0	//烈火之铠
	8	38	0	4	1	1	0	0	//圣光之铠
											
//官瘤幅											
//	9	21	0	4	0	1	0	0	//龙炎护腿		
//	9	22	0	4	0	1	0	0	//黑炎护腿		
//	9	23	0	4	0	1	0	0	//魔神护腿		
//	9	24	0	4	0	1	0	0	//红羽护腿		
//	9	28	0	4	0	1	0	0	//至尊护腿	
	9	29	0	4	0	1	0	0	//暗黑斗神护腿	380 
	9	30	0	4	1	1	0	0	//法魂玄灵护腿	380 	
	9	31	0	4	1	1	0	0	//紫灵护腿 	380 	
	9	32	0	4	1	1	0	0	//傲天魔剑护腿	380 	
	9	33	0	4	1	1	0	0	//宙斯护腿	380 	
	9	34	0	4	1	1	0	0	//暴风护腿
	9	35	0	4	1	1	0	0	//幻月护腿
	9	36	0	4	1	1	0	0	//碧影护腿
	9	37	0	4	1	1	0	0	//烈火护腿
	9	38	0	4	1	1	0	0	//圣光护腿	

											
//厘癌幅											
//	10	21	0	4	0	1	0	0	//龙炎护手		
//	10	22	0	4	0	1	0	0	//黑炎护手		
//	10	23	0	4	0	1	0	0	//魔神护手		
//	10	24	0	4	0	1	0	0	//红羽护手		
//	10	28	0	4	0	1	0	0	//至尊护手	
	10	29	0	4	0	1	0	0	//暗黑斗神护手	380 
	10	30	0	4	1	1	0	0	//法魂玄灵护手	380 	
	10	31	0	4	1	1	0	0	//紫灵护手 	380 	
	10	32	0	4	1	1	0	0	//傲天魔剑护手	380 	
	10	33	0	4	1	1	0	0	//宙斯护手	380 	
	10	34	0	4	1	1	0	1	//暴风护手
	10	35	0	4	1	1	0	1	//幻月护手
	10	36	0	4	1	1	0	1	//碧影护手
	10	37	0	4	1	1	0	1	//烈火护手
	10	38	0	4	1	1	0	1	//圣光护手											
//何眠幅											
//	10	21	0	4	0	1	0	0	//龙炎之靴		
//	10	22	0	4	0	1	0	0	//黑炎之靴		
//	10	23	0	4	0	1	0	0	//魔神之靴		
//	10	24	0	4	0	1	0	0	//红羽之靴		
//	10	28	0	4	0	1	0	0	//至尊之靴	
	10	29	0	4	0	1	0	0	//暗黑斗神之靴	380 
	10	30	0	4	1	1	0	0	//法魂玄灵之靴	380 	
	10	31	0	4	1	1	0	0	//紫灵之靴 	380 	
	10	32	0	4	1	1	0	0	//傲天魔剑之靴	380 	
	10	33	0	4	1	1	0	0	//宙斯之靴	380 	
	10	34	0	4	1	1	0	1	//暴风之靴
	10	35	0	4	1	1	0	1	//幻月之靴
	10	36	0	4	1	1	0	1	//碧影之靴
	10	37	0	4	1	1	0	1	//烈火之靴
	10	38	0	4	1	1	0	1	//圣光之靴	

end											
