////////////////////////////////////////////////////////////////////////////////
//	Text	Ver.	1.0.0.7
//	Version	0.99	-	T辑滚
//	Version	0.99	-	M辑滚
//	弥辆	累诀磊	-	沥悼老
//	弥辆	累诀老	-	坷饶	5:03	2004-08-16
//	郴侩:	漠府付	捞悼	瘤开	眠啊
//	郴侩:	漠府付	捞悼	瘤开	眠啊
//	gate number, flag, mapnumber, x, y, x2, y2, target gate, Dir, Level
//	flag: 1: 甸绢哎荐父 乐绰镑, 2: 唱哎荐父 乐绰镑, 3: 甸绢啊绊 唱啊绊 葛滴 啊瓷
//	target gate: 捞悼窍妨绰 gate number
//	Level:	饭骇 力茄, 0捞搁 饭骇力茄捞 绝绰芭促. 20捞搁 20 捞惑父 捞悼且荐 乐促.
////////////////////////////////////////////////////////////////////////////////

//GateNumber	Flag	MapNumber	x	y	x2	y2	Target	gate	Dir	Level
//编号	标记	地图号	坐标X1	坐标Y1	坐标X2	坐标Y2	目标编号	方向	等级限制
1	1	0	121	232	123	233	2	0	20
2	2	1	107	247	110	247	0	1	30	//勇者大陆 -> 地下1层
3	1	1	108	248	109	248	4	0	0
4	2	0	121	231	123	231	0	1	0	//地下1层 -> 勇者大陆
5	1	1	239	149	239	150	6	0	40
6	2	1	231	126	234	127	0	1	40	//地下1层 -> 地下2层
7	1	1	232	127	233	128	8	0	40
8	2	1	240	148	241	151	0	3	40	//地下2层 -> 地下1层
9	1	1	2	17	2	18	10	0	50
10	2	1	3	83	4	86	0	3	50	//地下2层 -> 地下3层
11	1	1	2	84	2	85	12	0	50
12	2	1	3	16	6	17	0	3	50	//地下3层 -> 地下2层
13	1	1	5	34	6	34	14	0	50
14	2	1	29	125	30	126	0	1	50	//地下2层 -> 地下3层
15	1	1	29	127	30	127	16	0	50
16	2	1	5	32	7	33	0	1	50	//地下3层 -> 地下2层
17	0	0	133	118	151	135	0	0	10	//勇者大陆回城坐标
18	1	0	5	38	6	41	19	0	15
19	2	2	242	34	243	37	0	7	15	//勇者大陆 -> 冰风谷
20	1	2	244	34	245	37	21	0	0
21	2	0	7	38	8	41	0	3	0	//冰风谷 -> 勇者大陆
22	0	2	197	35	218	50	0	0	20	//冰风谷回城坐标
23	1	0	213	246	217	247	24	0	10
24	2	3	148	5	155	6	0	5	10	//勇者大陆 -> 仙踪林
25	1	3	148	3	155	4	26	0	10
26	2	0	213	244	217	245	0	1	10	//仙踪林 -> 勇者大陆
27	0	3	171	108	177	117	0	0	10	//仙踪林回城坐标
28	1	2	2	248	3	249	29	0	50
29	2	4	162	2	166	3	0	5	50	//冰风谷 -> 失落之塔1
30	1	4	190	6	191	8	31	0	50
31	2	4	241	237	244	238	0	1	50	//失落之塔1 -> 失落之塔2
32	1	4	166	163	167	166	33	0	50
33	2	4	86	166	87	168	0	3	50	//失落之塔2 -> 失落之塔3
34	1	4	132	245	135	246	35	0	50
35	2	4	87	86	88	89	0	3	60	//失落之塔3 -> 失落之塔4
36	1	4	132	135	135	136	37	0	60
37	2	4	128	53	131	54	0	1	60	//失落之塔4 -> 失落之塔5
38	1	4	131	15	132	18	39	0	60
39	2	4	52	53	55	54	0	1	70	//失落之塔5 -> 失落之塔6
40	1	4	6	5	7	8	41	0	70
41	2	4	8	85	9	87	0	1	70	//失落之塔6 -> 失落之塔7
42	0	4	203	70	213	81	0	0	50	//失落之塔1回城坐标
43	1	4	162	0	166	1	44	0	50
44	2	2	2	246	3	247	0	2	15	//失落之塔1 -> 冰风谷
45	1	3	242	240	245	243	46	0	60
46	2	7	14	12	15	13	0	3	60	//仙踪林 -> 亚特兰蒂斯
47	1	7	9	9	11	12	48	0	60
//48	2	6	60	115	14	12	0	0	60	//亚特兰蒂斯 -> 古战场
48      2       3       240     240     241     243     0       7       60      //亚特兰蒂斯 -> 仙踪林
49	0	7	14	11	27	23	0	0	70	//亚特兰蒂斯安全区
50	0	6	72	140	73	181	0	0	50	//竞技场安全区
51	0	6	59	153	59	153	0	0	0	//红队回城坐标
52	0	6	59	164	59	165	0	0	0	//蓝队回城坐标
53	1	7	14	225	15	230	54	0	130
54	2	8	248	40	251	44	0	7	0	//亚特兰蒂斯 -> 死亡沙漠
55	1	8	246	40	247	44	56	0	130
56	2	7	16	225	17	230	0	3	0	//死亡沙漠 -> 亚特兰蒂斯
57	0	8	187	54	203	69	0	0	140	//死亡沙漠回城坐标
58	0	9	133	91	141	99	0	0	10	//恶魔广场1
59	0	9	135	162	142	170	0	0	10	//恶魔广场2
60	0	9	62	150	70	158	0	0	10	//恶魔广场3
61	0	9	66	84	74	92	0	0	10	//恶魔广场4
62	1	4	17	250	19	250	63	0	160
63	2	10	14	13	16	13	0	5	170	//失落之塔 -> 天空之城
64	1	10	14	12	16	12	65	0	80
65	2	4	17	249	19	249	0	1	80	//失落之塔 -> 天空之城
66	0	11	12	5	14	10	0	0	0	//血色城堡1
67	0	12	12	5	14	10	0	0	0	//血色城堡2
68	0	13	12	5	14	10	0	0	0	//血色城堡3
69	0	14	12	5	14	10	0	0	0	//血色城堡4
70	0	15	12	5	14	10	0	0	0	//血色城堡5
71	0	16	12	5	14	10	0	0	0	//血色城堡6
72	0	2	23	27	27	24	0	0	20	//冰风谷2
73	0	2	224	231	227	227	0	0	20	//冰风谷3
74	0	2	69	181	72	178	0	0	20	//冰风谷4
75	0	7	225	53	228	50	0	0	80	//亚特兰蒂斯2
76	0	7	62	163	68	157	0	0	90	//亚特兰蒂斯3
77	0	8	96	143	100	146	0	0	140	//死亡沙漠2


80	0	17	12	5	14	10	0	0	0	//赤色要塞7

82	0	18	31	88	36	95	0	0	0	//赤色要塞1
83	0	19	31	88	36	95	0	0	0	//赤色要塞2
84	0	20	31	88	36	95	0	0	0	//赤色要塞3
85	0	21	31	88	36	95	0	0	0	//赤色要塞4
86	0	22	31	88	36	95	0	0	0	//赤色要塞5
87	0	23	31	88	36	95	0	0	0	//赤色要塞6
88	0	24	13	17	17	23	0	0	0	//卡利马1
89	0	25	13	17	17	23	0	0	0	//卡利马2
90	0	26	13	17	17	23	0	0	0	//卡利马3
91	0	27	13	17	17	23	0	0	0	//卡利马4
92	0	28	13	17	17	23	0	0	0	//卡利马5
93	0	29	13	17	17	23	0	0	0	//卡利马6
94	0	30	88	31	102	46	0	0	0	//罗兰峡谷安全区
95	0	31	60	10	69	19	0	0	0	//魔练之地安全区
96	1	30	93	242	95	243	97	0	0	//罗兰峡谷
97	2	30	164	198	187	209	0	0	0	//罗兰峡谷 -> 
98	1	30	160	203	161	205	99	0	0	//罗兰峡谷 -> 
99	2	30	90	236	99	239	0	0	0	//罗兰峡谷 -> 
100	0	30	39	14	142	50	0	0	0	//罗兰峡谷安全区
101	0	30	84	180	100	222	0	0	0	//罗兰峡谷安全区
102	1	0	239	14	240	15	103	0	0	//
103	2	30	29	42	30	37	0	0	0	//勇者大陆 -> 罗兰峡谷
104	0	30	87	209	100	232	0	0	0	//罗兰峡谷安全区
105	0	30	72	10	104	199	0	0	0	//罗兰峡谷安全区
106	0	30	131	94	138	92	0	0	0	//罗兰峡谷安全区
107	1	30	28	40	28	41	108	0	0	//
108	2	0	235	13	239	13	0	0	0	//罗兰峡谷 -> 勇者大陆
109	1	31	59	7	63	8	110	0	0	//罗兰峡谷 -> 魔练之地
110	2	30	131	94	138	92	0	0	0	//魔练之地 -> 罗兰峡谷
111	0	32	133	91	141	99	0	0	10	//恶魔广场5
112	0	32	135	162	142	170	0	0	10	//恶魔广场6

113	2	33	76	9	78	16	0	0	10
114	2	34	231	37	234	45	0	0	10
115	0	6	60	115	64	112	0	0	100	//古战场
116	0	36	10	16	17	22	0	0	0
//116	0	29	10	16	17	22	0	0	100	//遗失的卡利玛
117	1	30	161	37	165	45	114	0	10
118	0	34	229	37	239	46	0	0	130
119	0	33	82	8	87	14	0	0	160	//	酒捞促 (/捞悼 酒捞促)			
120	1	3	220	30	226	30	113	0	130
121	1	33	74	9	74	13	122	0	10
122	2	3	220	31	226	34	0	0	10
123	1	34	239	40	240	44	124	0	10
124	2	30	155	37	158	43	0	0	10
125	1	8	6	199	6	201	126	0	150
126	2	37	17	219	21	220	0	0	10
127	1	37	17	220	19	222	128	0	10
128	2	8	7	199	7	201	0	0	130
129	1	37	89	89	89	92	120	0	10
130	2	38	70	104	70	107	0	0	10
131	1	38	69	104	69	107	132	0	10
132	2	37	85	89	86	92	0	0	10
133	0	39	196	56	201	57	0	0	10
134	0	39	78	93	82	95	0	0	10
135	0	39	78	93	82	95	0	0	10
136	0	38	137	162	143	163	0	0	10
137	0	38	71	104	72	107	0	0	10
138	0	37	19	217	21	219	0	0	230
139	0	38	71	104	72	107	0	0	160
140	0	33	186	173	190	177	0	0	160
141	0	37	205	36	208	41	0	0	160

