//Monester Configuration by CzF Team
//Credits to eRRoR, Cubars, Unicorn
//Version 1.02K

//Lorencia																								
//index 	rate	name	Level	HP	MP	damagemin	damagemax	defence	magicdefence	attackrating	successfulbloking	moverange 	attacktype	attackrange	viewrange	movespeed	attackspeed	regentime	attribute	itemrate	moneyrate	maxItemlevel	skill	µ¶	¾óÀ½	¹ø°³	ºÒ
3	1	"Spider"	2	30	0	4	7	1	0	8	1	2	0	1	5	400	1800	10	2	120	10	6	0	0	0	0	0
26	1	"Goblin"	3	45	0	7	10	2	0	13	2	2	0	1	4	400	1800	10	2	120	10	6	0	0	0	0	0
2	1	"Budge Dragon"	4	60	0	10	13	3	0	18	3	3	0	1	4	400	2000	10	2	120	10	6	0	0	0	0	0
27	1	"Scorpion"	5	80	0	13	17	4	0	23	4	3	0	1	4	400	1800	10	2	120	10	6	0	0	0	0	0
0	1	"Bull Fighter"	6	100	0	16	20	6	0	28	6	3	0	1	5	400	1600	10	2	130	10	6	0	0	0	0	0
33	1	"Elite Goblin"	8	120	0	19	23	8	0	33	8	3	0	1	5	400	1600	10	2	130	10	6	0	0	0	0	0
1	1	"Hound"	        9	140	0	22	27	9	0	39	9	3	0	1	5	400	1600	10	2	130	10	6	0	0	0	0	0
28	1	"BeetleMonster"	10	165	0	26	31	10	0	44	10	3	0	1	5	400	1600	10	2	140	10	6	0	0	0	0	0
4	1	"Elite Bull Fighter"	12	190	0	31	36	12	0	50	12	3	0	1	4	400	1400	10	2	140	12	6	0	0	0	0	0
29	1	"Hunter"	13	220	0	36	41	13	0	56	13	3	0	4	4	400	1600	10	2	140	12	6	0	0	0	0	0
6	1	"Lich"	        14	255	0	41	46	14	0	62	14	3	2	4	7	400	2000	10	2	150	12	6	0	0	0	0	1

//Noria
//Index	Rate	Name			Level	HP	MP	DamMin	DamMax	Defence	Magic	Attack	Success	MoveRg	A.Type	A.Range	V.Range	MoveSP	A.Speed	RegTime	Attrib	ItemRat	M.Rate	MaxItem	Skill
30	1	"Forest Monster"	15	295	0	46	51	15	0	68	15	3	0	1	4	400	1600	10	2	150	12	6	0	0	0	0	0
31	1	"Agon"	        16	340	0	51	57	16	0	74	16	2	0	1	4	400	1400	10	2	150	12	6	0	0	0	0	0
7	1	"Giant"	        17	400	0	57	62	18	0	80	18	2	0	2	3	400	2200	10	2	150	12	6	0	0	0	0	0
32	1	"Stone Golem"	18	465	0	62	68	20	0	86	20	2	0	2	3	400	2200	10	2	160	12	6	0	0	0	0	0

//Other Default Maps
//Index	Rate	Name			Level	HP	MP	DamMin	DamMax	Defence	Magic	Attack	Success	MoveRg	A.Type	A.Range	V.Range	MoveSP	A.Speed	RegTime	Attrib	ItemRat	M.Rate	MaxItem	Skill
14	1	"Skeleton"	19	525	0	68	74	22	0	93	22	2	0	1	4	400	1400	10	2	160	12	6	0	0	0	0	0
24	1	"Worm"	        20	600	0	75	80	25	0	100	25	3	0	1	4	400	1600	10	2	160	14	6	0	0	2	0	0
22	1	"Ice Monster"	22	650	0	80	85	27	0	110	27	2	7	1	5	400	2000	10	2	170	14	6	0	0	3	0	0
23	1	"Hommerd"	24	700	0	85	90	29	0	120	29	3	0	1	5	400	1600	10	2	170	14	6	0	0	3	0	0
12	1	"Larva"	        25	750	0	90	95	31	0	125	31	3	1	1	4	400	1800	10	2	200	14	6	0	2	0	0	0
21	1	"Assassin"	26	800	0	95	100	33	0	130	33	2	0	1	7	400	2000	10	2	180	14	6	0	0	0	0	0
17	1	"Cyclops"	28	850	0	100	105	35	0	140	35	3	0	1	4	400	1600	10	2	170	14	6	0	2	0	0	0
19	1	"Yeti"	        30	900	0	105	110	37	0	150	37	2	17	4	6	400	2000	10	2	180	14	6	0	0	3	0	0
11	1	"Ghost"	        32	1000	0	110	115	40	0	160	39	3	0	1	5	400	1400	10	2	190	14	6	0	2	2	2	2
15	1	"Skeleton Archery"	34	1100	0	115	120	45	0	170	41	2	0	5	7	400	2000	10	2	190	14	6	0	1	1	1	1
20	1	"Elite Yeti"	36	1200	0	120	125	50	0	180	43	3	0	1	6	400	1400	10	2	180	14	6	0	1	4	1	1
5	1	"Hell Hound"	38	1400	0	125	130	55	0	190	45	3	0	1	4	400	1200	10	2	190	14	6	0	1	1	1	3
13	1	"Hell Spider"	40	1600	0	130	135	60	0	200	47	3	11	4	7	400	1600	10	2	190	14	6	0	3	1	1	1
16	1	"EliteSkeleton"	42	1800	0	135	140	65	0	210	49	2	0	1	4	400	1600	10	2	190	14	4	0	1	1	1	1
45	1	"Bahamut"	43	2400	0	130	140	65	0	215	52	2	0	1	4	400	1600	8	2	185	14	3	0	1	1	1	1
9	1	"Thunder Lich"	44	2000	0	140	145	70	0	220	55	3	3	4	7	400	2200	10	2	190	14	3	0	2	2	3	2
46	1	"Vepar"	        45	2800	0	135	145	70	0	225	58	3	17	4	7	400	1600	8	2	185	14	3	0	2	2	3	2
8	1	"Poison Bull Fighter"	46	2500	0	145	150	75	0	230	61	3	1	1	5	400	1400	10	2	190	14	3	0	6	2	2	2
47	1	"Valkyrie"	46	3200	0	140	150	75	0	230	64	3	0	5	7	400	1800	8	2	185	14	3	0	6	2	2	2
36	1	"Shadow"	47	2800	0	148	153	78	0	235	67	3	0	1	5	400	1400	10	2	200	14	3	0	3	3	3	5
10	1	"Dark Knight"	48	3000	0	150	155	80	0	240	70	3	0	1	5	400	1400	10	2	200	14	3	0	3	3	3	5
39	1	"Poison Shadow"	50	3500	0	155	160	85	0	250	73	3	1	1	5	400	1400	10	2	200	14	3	0	6	4	4	6
34	1	"Cursed Wizard"	54	4000	0	160	170	95	0	270	80	3	3	4	7	400	2000	10	2	200	14	3	0	5	5	7	7
41	1	"Death Cow"	57	4500	0	170	180	110	0	285	85	3	0	1	7	400	1600	10	2	200	14	3	0	5	5	5	7
37	1	"Devil"	        60	5000	0	180	195	115	0	300	88	3	3	4	7	400	2000	10	2	200	14	3	0	5	5	5	7
40	1	"Death Knight"	62	5500	0	190	200	120	0	310	91	3	0	1	7	400	1800	10	2	200	14	3	0	6	6	6	7
35	1	"Death Gorgon"	64	6000	0	200	210	130	0	320	94	3	150	1	7	400	2000	10	2	180	14	3	0	6	6	6	8
51	1	"Great Bahamut"	66	7000	0	210	230	150	0	330	98	3	0	2	7	400	1600	15	2	175	14	3	0	6	6	6	6
52	1	"Silver Valkyrie"	68	8000	0	230	260	170	0	340	110	3	7	4	7	400	1600	15	2	175	14	3	0	7	7	7	7
48	1	"Lizard King"	70	9000	0	240	270	180	0	350	115	3	3	3	7	400	1600	15	2	175	14	3	0	7	7	7	7
62	1	"Mutant"	72	10000	0	250	280	190	0	365	120	3	0	1	7	400	1400	10	2	170	30	3	0	8	8	8	8
69	1	"Aquamos"	75	11500	0	255	290	195	0	385	125	3	17	5	5	400	1400	10	2	160	14	3	0	9	9	11	9
60	1	"Bloody Wolf"	76	13500	0	260	300	200	0	410	130	3	0	2	7	400	1400	10	2	170	30	3	0	8	8	8	8
71	1	"Mega Crust"	78	15000	0	270	320	210	0	430	140	3	0	1	5	400	1400	10	2	160	14	3	0	9	9	12	9
57	1	"Iron Wheel"	80	17000	0	280	330	215	0	446	150	3	0	4	7	400	1400	10	2	160	30	3	0	9	9	9	9
70	1	"Queen Rainer"	82	19000	0	305	350	230	0	475	160	3	17	3	5	400	1400	10	2	160	14	3	0	9	11	12	9
58	1	"Tantallos"	83	22000	0	335	385	250	0	500	175	3	150	2	7	400	1400	20	2	160	30	3	0	9	9	9	9
61	1	"Vim Knight"	84	25000	0	375	425	275	0	530	190	3	17	4	7	400	1400	20	2	160	30	3	0	10	10	10	10
73	1	"Drakan"	86	29000	0	425	480	305	0	570	210	3	150	5	5	400	1400	20	2	160	14	3	0	12	12	13	12
74	1	"Alpha Crust"	92	34500	0	489	540	360	0	620	240	3	0	1	5	400	1400	10	2	160	14	3	0	13	13	14	13
72	1	"PhantomKnight"	96	41000	0	560	610	430	0	690	270	3	150	2	5	400	1400	30	2	150	14	3	0	14	14	16	14
75	1	"Gaint Drakan"	100	50000	0	580	640	500	0	820	305	3	150	5	5	400	1400	30	2	140	14	3	0	15	15	17	18

//Boss
//Index	Rate	Name			Level	HP	MP	DamMin	DamMax	Defence	Magic	Attack	Success	MoveRg	A.Type	A.Range	V.Range	MoveSP	A.Speed	RegTime	Attrib	ItemRat	M.Rate	MaxItem	Skill
																										
25	1	"Ice Queen"		52	4000	0	155	165	90	0	260	76	3	11	4	7	400	1400	50	2	180	14	3	0	4	5	4	4
18	1	"Gorgon"		55	6000	0	165	175	100	0	275	82	3	0	1	7	400	1600	150	2	160	14	3	0	6	6	6	6
38	1	"Barlog"		66	9000	0	220	240	160	0	330	99	3	150	2	7	400	1600	150	2	160	14	3	0	10	10	10	15
49	1	"Hydra"	        	74	19000	0	250	310	200	0	430	125	3	150	4	7	400	1400	150	2	175	14	3	0	12	12	12	12
59	1	"Zaikan"		90	34000	0	510	690	400	0	550	185	3	150	5	7	400	1400	150	2	160	30	3	0	13	13	13	15
63	1	"Deathvim Knight"	93	40000	0	590	750	420	0	575	220	3	150	5	7	400	1400	150	2	130	30	3	0	13	13	13	17
76	1	"Dark Phoenix Shield"	111	73000	0	850	960	580	0	840	305	3	3	3	5	400	1400	10	2	190	14	3	0	30	30	35	30
77	1	"Phoenix of Darkness"	113	95000	0	950	1000	600	0	900	350	1	150	6	7	400	1500	150	2	120	14	4	0	30	30	35	30
																											
//Kalima 1 (50 ~ 119)
//Index	Rate	Name			Level	HP	MP	DamMin	DamMax	Defence	Magic	Attack	Success	MoveRg	A.Type	A.Range	V.Range	MoveSP	A.Speed	RegTime	Attrib	ItemRat	M.Rate	MaxItem	Skill
																											
147	1	"Aegis"	        27	990	0	95	114	39	0	145	39	3	17	1	7	500	1500	10	2	100	0	3	0	8	8	8	8
148	1	"Lord centurion"	29	1100	0	100	120	41	0	155	41	3	17	2	5	500	1500	10	2	100	0	3	0	9	9	9	9
146	1	"Bloody soldier"	32	1250	0	105	125	45	0	168	44	3	17	6	7	500	1500	10	2	90	0	3	0	10	10	10	10
144	1	"Death Angel"	34	1550	0	115	130	50	0	185	49	3	17	6	7	500	1500	10	2	80	0	3	0	11	11	11	11
149	1	"Necron"	38	1950	0	125	140	59	0	205	53	3	17	2	5	500	1500	10	2	80	0	3	0	12	12	12	12
145	1	"death Centurion"	43	2300	0	135	150	70	0	225	62	3	17	6	7	500	1500	10	2	70	0	3	0	13	13	13	13
160	1	"Schriker"	50	3200	0	155	174	90	0	260	78	3	17	6	7	500	1600	10	2	70	0	4	0	14	14	14	14
161	1	"Illusion Kundun"	65	15000	0	200	400	150	0	300	100	3	150	10	7	800	1700	3600	2	100	0	4	0	30	30	30	30
																											
//Kalima 2 (120 ~ 179)
//Index	Rate	Name			Level	HP	MP	DamMin	DamMax	Defence	Magic	Attack	Success	MoveRg	A.Type	A.Range	V.Range	MoveSP	A.Speed	RegTime	Attrib	ItemRat	M.Rate	MaxItem	Skill
																											
177	1	"Aegis"	        42	2050	0	135	150	68	0	220	54	3	17	1	7	500	1500	10	2	100	0	3	0	11	11	11	11
178	1	"Lord centurion"	44	2350	0	140	155	75	0	230	60	3	17	2	5	500	1500	10	2	100	0	3	0	12	12	12	12
176	1	"Bloody soldier"	47	2700	0	145	160	81	0	245	67	3	17	6	7	500	1500	10	2	90	0	3	0	13	13	13	13
174	1	"Death Angel"	50	3200	0	155	170	90	0	260	74	3	17	6	7	500	1500	10	2	80	0	3	0	14	14	14	14
179	1	"Necron"	53	3900	0	167	180	100	0	280	81	3	17	2	5	500	1500	10	2	80	0	3	0	15	15	15	15
175	1	"death Centurion"	58	4900	0	180	200	117	0	310	91	3	17	6	7	500	1500	10	2	70	0	3	0	16	16	16	16
180	1	"Schriker"	65	8450	0	205	230	145	0	335	100	3	17	6	7	500	1600	10	2	70	0	4	0	17	17	17	17
181	1	"Illusion Kundun"	80	30000	0	400	600	200	0	400	150	3	150	10	7	800	1700	3600	2	100	0	4	0	35	35	35	35
																											
//Kalima 3 (180 ~ 239)	
//Index	Rate	Name			Level	HP	MP	DamMin	DamMax	Defence	Magic	Attack	Success	MoveRg	A.Type	A.Range	V.Range	MoveSP	A.Speed	RegTime	Attrib	ItemRat	M.Rate	MaxItem	Skill
																										
185	1	"Aegis"	        57	4800	0	170	190	115	0	295	90	3	17	1	7	500	1500	10	2	100	0	3	0	14	14	14	14
186	1	"Lord centurion"	59	5110	0	180	200	120	0	315	95	3	17	2	5	500	1500	10	2	100	0	3	0	15	15	15	15
184	1	"Bloody soldier"	62	5730	0	190	215	130	0	330	99	3	17	6	7	500	1500	10	2	90	0	3	0	16	16	16	16
182	1	"Death Angel"	65	6750	0	205	240	145	0	350	107	3	17	6	7	500	1500	10	2	80	0	3	0	17	17	17	17
187	1	"Necron"	68	8450	0	230	275	170	0	375	117	3	17	2	5	500	1500	10	2	80	0	3	0	18	18	18	18
183	1	"death Centurion"	73	11600	0	260	310	198	0	406	129	3	17	6	7	500	1500	10	2	70	0	3	0	19	19	19	19
188	1	"Schriker"	80	17500	0	335	355	225	0	465	155	3	17	6	7	500	1600	10	2	70	0	4	0	20	20	20	20
189	1	"Illusion Kundun"	95	60000	0	600	800	400	0	600	200	3	150	10	7	800	1700	3600	2	100	0	4	0	40	40	40	40
																											
//Kalima 4 (240 ~ 299)
//Index	Rate	Name			Level	HP	MP	DamMin	DamMax	Defence	Magic	Attack	Success	MoveRg	A.Type	A.Range	V.Range	MoveSP	A.Speed	RegTime	Attrib	ItemRat	M.Rate	MaxItem	Skill
																											
193	1	"Aegis"	       		72	10000	0	245	290	190	0	390	125	3	17	1	7	500	1500	10	2	100	0	3	0	17	17	17	17
194	1	"Lord centurion"	74	11700	0	265	310	200	0	410	130	3	17	2	5	500	1500	10	2	100	0	3	0	18	18	18	18
192	1	"Bloody soldier"	77	14000	0	295	330	215	0	430	140	3	17	6	7	500	1500	10	2	90	0	3	0	19	19	19	19
190	1	"Death Angel"		80	17500	0	335	370	235	0	465	155	3	17	6	7	500	1500	10	2	80	0	3	0	20	20	20	20
195	1	"Necron"		83	23000	0	390	420	275	0	530	180	3	17	2	5	500	1500	10	2	80	0	3	0	21	21	21	21
191	1	"death Centurion"	88	32000	0	460	530	330	0	610	215	3	17	6	7	500	1500	10	2	70	0	3	0	22	22	22	22
196	1	"Schriker"		95	43000	0	530	640	415	0	700	255	3	17	6	7	500	1600	10	2	70	0	4	0	23	23	23	23
197	1	"Illusion Kundun"	110	80000	0	800	1000	600	0	800	300	3	150	10	7	800	1700	3600	2	100	0	4	0	45	45	45	45
																											
//Kalima 5 (300 ~ 349)	
//Index	Rate	Name			Level	HP	MP	DamMin	DamMax	Defence	Magic	Attack	Success	MoveRg	A.Type	A.Range	V.Range	MoveSP	A.Speed	RegTime	Attrib	ItemRat	M.Rate	MaxItem	Skill
																										
263	1	"Aegis"	        	87	29000	0	450	510	325	0	600	220	3	17	1	7	500	1500	10	2	100	0	3	17	20	20	20	20
264	1	"Lord centurion"	89	32000	0	470	550	340	0	625	230	3	17	2	5	500	1500	10	2	100	0	3	0	21	21	21	21
262	1	"Bloody soldier"	92	36500	0	490	586	370	0	670	245	3	17	6	7	500	1500	10	2	90	0	3	0	22	22	22	22
260	1	"Death Angel"		95	43000	0	530	630	415	0	720	262	3	17	6	7	500	1500	10	2	80	0	3	20	23	23	23	23
265	1	"Necron"		98	50000	0	575	690	455	0	790	285	3	17	2	5	500	1500	10	2	80	0	3	21	24	24	24	24
261	1	"death Centurion"	103	58000	0	640	742	525	0	880	315	3	17	6	7	500	1500	10	2	70	0	3	0	25	25	25	25
266	1	"Schriker"		111	68500	0	740	810	615	0	960	365	3	17	6	7	500	1600	10	2	70	0	4	23	26	26	26	26
267	1	"Illusion Kundun"	125	100000	0	1000	1200	800	0	1050	500	3	150	10	7	800	1700	3600	2	100	0	4	0	50	50	50	50
																											
//Kalima 6 (350 ~ 400)
//Index	Rate	Name			Level	HP	MP	DamMin	DamMax	Defence	Magic	Attack	Success	MoveRg	A.Type	A.Range	V.Range	MoveSP	A.Speed	RegTime	Attrib	ItemRat	M.Rate	MaxItem	Skill
																											
271	1	"Aegis"	        	104	62000	0	645	705	540	0	1000	320	3	17	1	7	500	1500	10	2	100	0	3	17	23	23	23	23
272	1	"Lord centurion"	107	66500	0	665	745	555	0	1000	330	3	17	2	5	500	1500	10	2	100	0	3	0	24	24	24	24
270	1	"Bloody soldier"	110	73000	0	705	801	585	0	1000	345	3	17	6	7	500	1500	10	2	90	0	3	0	25	25	25	25
268	1	"Death Angel"		114	80000	0	750	850	630	0	1000	370	3	17	6	7	500	1500	10	2	80	0	3	20	26	26	26	26
273	1	"Necron"		118	88000	0	815	930	670	0	1070	393	3	17	2	5	500	1500	10	2	80	0	3	21	27	27	27	27
269	1	"death Centurion"	122	98500	0	900	1017	740	0	1100	423	3	17	6	7	500	1500	10	2	70	0	3	0	28	28	28	28
274	1	"Schriker"		131	135000	0	1020	1120	830	0	1140	473	3	17	6	7	500	1600	10	2	70	0	4	23	29	29	29	29
338 	1 	"Relics of Kundun"  	140 	550000 	0 	1350  	1600  	1100  	0 	1250 	600 	3 	150 	2 	7 	400 	1400 	7200 	2	160   	14 	3 	0 	1500	1500 	1500 	1500

//Kalima 7 (Lost Kalima)

//Index	Rate	Name			Level	HP	MP	DamMin	DamMax	Defence	Magic	Attack	Success	MoveRg	A.Type	A.Range	V.Range	MoveSP	A.Speed	RegTime	Attrib	ItemRat	M.Rate	MaxItem	Skill
331 	1 	"Aegis"   		114	82000	0	745	805	540	0	1020	320	3	17	1	7	500	1500	10	2	100	0	3	17	23	23	23	23
332 	1 	"Lord Centurion"     	117	86500	0	765	845	555	0	1020	330	3	17	2	5	500	1500	10	2	100	0	3	0	24	24	24	24
333	1 	"Bloody Soldier" 	118	93000	0	805	901	585	0	1020	345	3	17	6	7	500	1500	10	2	90	0	3	0	25	25	25	25
334 	1 	"Death Angel"		120	100000	0	850	950	630	0	1020	370	3	17	6	7	500	1500	10	2	80	0	3	20	26	26	26	26
335 	1 	"Necron" 		125	108000	0	915	1030	670	0	1090	393	3	17	2	5	500	1500	10	2	80	0	3	21	27	27	27	27
336 	1 	"Death Centurion"   	128	118500	0	1000	1117	740	0	1160	423	3	17	6	7	500	1500	10	2	70	0	3	0	28	28	28	28
337 	1 	"Schriker" 		137	155000	0	1120	1220	830	0	1300	473	3	17	6	7	500	1600	10	2	70	0	4	23	29	29	29	29
275	1 	"Kundun Demon"  	148 	750000 	0 	1450  	1700  	1200  	0 	1400 	700 	3 	150 	2 	7 	400 	1400 	21600 	2	160   	14 	3 	0 	5000	5000	5000	5000

//Kalima Gates
//Index	Rate	Name			Level	HP	   MP	DamMin	DamMax	Defence	Magic	Attack	Success	MoveRg	A.Type	A.Range	V.Range	MoveSP	A.Speed	RegTime	Attrib	ItemRat	M.Rate	MaxItem	Skill
152 	1 	"Gate Stone of %s "	2	9999999999 0	0	0	0	0	0	0	0	0	0	0	0	0	0	0	0	0	0	0	9	9	9	9
153 	1 	"Gate Stone of %s "	2	30000	   0	0	0	0	0	0	0	0	0	0	0	0	0	0	0	0	0	0	0	9	9	9	9
154 	1 	"Gate Stone of %s "	2	40000	   0	0	0	0	0	0	0	0	0	0	0	0	0	0	0	0	0	0	0	9	9	9	9
155 	1 	"Gate Stone of %s "	2	900000	   0	0	0	0	90000	90000	90000	90000	0	90000	90000	90000	90000	90000	90000	90000	0	0	0	9	9	9	9
156 	1 	"Gate Stone of %s "	2	60000	   0	0	0	0	0	0	0	0	0	0	0	0	0	0	0	0	0	0	0	9	9	9	9
157 	1 	"Gate Stone of %s "	2	70000	   0	0	0	0	0	0	0	0	0	0	0	0	0	0	0	0	0	0	0	9	9	9	9
158 	1 	"Gate Stone of %s "	1 	8000	   0 	80 	80 	50 	0 	50 	50 	1 	150 	2 	7 	400 	1500 	150 	2 	120 	14 	4 	0 	9 	9 	9 	9 
																											
//mostri speciali devil square																											
64	1	"Orc Archer"	70	10000	0	220	250	170	0	350	115	3	0	4	7	400	1600	10	2	200	14	3	0	7	7	7	7
65	1	"Elite Orc"	74	14000	0	260	290	190	0	400	125	3	150	1	7	400	2000	100	2	180	14	3	0	8	8	8	8
67	1	"Metal Barlog"	77	26000	0	300	360	220	0	385	150	3	150	2	7	400	1600	200	2	160	14	3	0	9	9	9	9
66	1	"Cursed King"	86	38000	0	500	570	350	0	525	200	3	150	4	7	400	1400	70	2	200	30	3	0	17	17	17	17

//Blood Castle 1 (15 ~ 80)																											
84	1	"King Orc"	33	1100	0	100	120	55	0	190	45	3	0	1	3	400	2000	10	2	300	200	3	0	0	0	0	0
85	1	"Orc Archer"	37	1400	0	110	130	65	0	210	49	3	0	5	7	400	1600	10	2	300	200	3	0	0	0	0	0
86	1	"Spirit Soldier"	41	1700	0	120	140	75	0	230	61	3	0	1	3	400	2000	10	2	250	150	3	0	0	0	0	0
87	1	"Spirit Beast"	44	2100	0	130	150	85	0	250	73	3	17	5	7	400	1600	10	2	250	150	3	0	0	0	0	0
88	1	"Spirit Knight"	47	2800	0	140	160	95	0	270	77	3	0	1	3	400	2000	10	2	200	100	3	0	0	0	0	0
89	1	"Spirit Sourcerer"	51	3700	0	150	180	115	0	300	88	4	150	4	6	400	1600	10	2	150	50	4	0	3	3	3	3

//Blood Castle 2 (81 ~ 130)																											
90	1	"King Orc"	49	3500	0	140	170	90	0	250	76	3	0	1	3	400	2000	10	2	300	200	3	0	1	1	1	1
91	1	"Orc Archer"	53	4100	0	150	180	100	0	275	80	3	0	5	7	400	1600	10	2	300	200	3	0	1	1	1	1
92	1	"Spirit Soldier"	56	5000	0	160	190	115	0	300	88	3	0	1	3	400	2000	10	2	250	150	3	0	1	1	1	1
93	1	"Spirit Beast"	60	6000	0	175	210	130	0	320	95	3	17	5	7	400	1600	10	2	250	150	3	0	1	1	1	1
94	1	"Spirit Knight"	64	7000	0	185	220	170	0	360	110	3	0	1	3	400	2000	10	2	200	100	3	0	1	1	1	1
95	1	"Spirit Sourcerer"	69	8000	0	200	240	190	0	400	130	4	150	4	6	400	1800	10	2	150	50	4	0	4	4	4	4

//Blood Castle 3 (131 ~ 180)																											
96	1	"King Orc"	56	5000	0	160	180	110	0	300	85	3	0	1	3	400	2000	10	2	300	200	3	0	2	2	2	2
97	1	"Orc Archer"	61	6500	0	180	200	120	0	330	93	3	0	5	7	400	1600	10	2	300	200	3	0	2	2	2	2
98	1	"Spirit Soldier"	66	8000	0	190	220	150	0	360	98	3	0	1	3	400	2000	10	2	250	150	3	0	2	2	2	2
99	1	"Spirit Beast"	70	9500	0	210	240	180	0	400	115	3	17	5	7	400	1600	10	2	250	150	3	0	2	2	2	2
111	1	"Spirit Knight"	74	12000	0	220	260	190	0	440	130	3	0	1	3	400	2000	10	2	200	100	3	0	2	2	2	2
112	1	"Spirit Sourcerer"	79	15000	0	230	280	240	0	500	180	4	150	4	6	400	1800	10	2	150	50	4	0	5	5	5	5

//Blood Castle 4 (181 ~ 230)																											
113	1	"King Orc"	64	7500	0	180	220	150	0	340	98	3	0	1	3	400	2000	10	2	300	200	3	0	4	4	4	4
114	1	"Orc Archer"	69	9500	0	200	240	170	0	380	110	3	0	5	7	400	1600	10	2	300	200	3	0	4	4	4	4
115	1	"Spirit Soldier"	75	12000	0	220	260	190	0	440	130	3	0	1	3	400	2000	10	2	250	150	3	0	4	4	4	4
116	1	"Spirit Beast"	79	15000	0	250	290	210	0	500	150	3	17	5	7	400	1600	10	2	250	150	3	0	4	4	4	4
117	1	"Spirit Knight"	82	18000	0	270	320	290	0	560	170	3	0	1	3	400	2000	10	2	200	100	3	0	4	4	4	4
118	1	"Spirit Sourcerer"	84	24000	0	300	350	360	0	640	200	4	150	4	6	400	1800	10	2	150	50	4	0	7	7	7	7

//Blood Castle 5 (231 ~ 280)																											
119	1	"King Orc"	70	12000	0	210	270	185	0	380	125	3	0	1	3	400	2000	10	2	300	200	3	0	5	5	5	5
120	1	"Orc Archer"	75	15000	0	240	300	190	0	420	130	3	0	5	7	400	1600	10	2	300	200	3	0	5	5	5	5
121	1	"Spirit Soldier"	80	19000	0	280	340	220	0	470	175	3	0	1	3	400	2000	10	2	250	150	3	0	5	5	5	5
122	1	"Spirit Beast"	85	23000	0	340	390	300	0	520	190	3	17	5	7	400	1600	10	2	250	150	3	0	5	5	5	5
123	1	"Spirit Knight"	87	26000	0	370	410	400	0	650	200	3	0	1	3	400	2000	10	2	200	100	3	0	5	5	5	5
124	1	"Spirit Sourcerer"	90	32000	0	400	460	450	0	720	260	4	150	4	6	400	1800	10	2	150	50	4	0	8	8	8	8

//Blood Castle 6 (281 ~ 330)																											
125	1	"King Orc"	76	17000	0	260	290	210	0	460	150	3	0	1	3	400	2000	10	2	300	200	3	0	6	6	6	6
126	1	"Orc Archer"	81	20000	0	320	350	270	0	520	160	3	0	5	7	400	1600	10	2	300	200	3	0	6	6	6	6
127	1	"Spirit Soldier"	86	25000	0	390	420	360	0	580	195	3	0	1	3	400	2000	10	2	250	150	3	0	6	6	6	6
128	1	"Spirit Beast"	90	32000	0	440	500	400	0	660	230	3	17	5	7	400	1600	10	2	250	150	3	0	6	6	6	6
129	1	"Spirit Knight"	94	38000	0	480	540	450	0	720	260	3	0	1	3	400	2000	10	2	200	100	3	0	6	6	6	6
130	1	"Spirit Sourcerer"	99	47000	0	530	580	500	0	840	280	4	150	4	6	400	1800	10	2	150	50	4	0	9	9	9	9

//Blood Castle 7 (331 ~ 400)																											
138	1	"King Orc"	85	23000	0	340	390	340	0	520	190	3	0	1	3	400	2000	10	2	300	200	3	0	7	7	7	7
139	1	"Orc Archer"	87	26000	0	390	430	380	0	590	200	3	0	5	7	400	1600	10	2	300	200	3	0	7	7	7	7
140	1	"Spirit Soldier"	90	32000	0	430	480	400	0	660	230	3	0	1	3	400	2000	10	2	250	150	3	0	7	7	7	7
141	1	"Spirit Beast"	93	37000	0	470	520	440	0	730	250	3	17	5	7	400	1600	10	2	250	150	3	0	7	7	7	7
142	1	"Spirit Knight"	98	45000	0	510	560	490	0	800	270	3	0	1	3	400	2000	10	2	200	100	3	0	7	7	7	7
143	1	"Spirit Sourcerer"	102	55000	0	560	600	550	0	870	310	4	150	4	6	400	1800	10	2	150	50	4	0	10	10	10	10


//Blood Castle NPC																											
131	1	"Gate1"	0	2000	0	0	0	0	0	0	0	0	0	0	0	0	0	0	0	0	0	0	0	100	100	100	100																											
132	1	"Gate2"	0	3000	0	0	0	0	0	0	0	0	0	0	0	0	0	0	0	0	0	0	0	100	100	100	100																										
133	1	"Gate3"	0	3000	0	0	0	0	0	0	0	0	0	0	0	0	0	0	0	0	0	0	0	100	100	100	100																										
134	1	"Gate4"	0	3000	0	0	0	0	0	0	0	0	0	0	0	0	0	0	0	0	0	0	0	100	100	100	100

//Land of Trials																											
294	1	"Lizard Warrior"	75	11500	0	255	290	195	0	700	125	3	0	1	5	400	1400	10	2	170	14	3	0	25	25	25	25
290	1	"Fire Golem"	78	15000	0	270	320	210	0	800	140	3	0	1	5	400	1400	10	2	170	14	3	0	26	26	26	26
293	1	"Queen Bee"	84	25000	0	375	425	275	0	830	190	3	17	4	6	500	2000	10	2	160	30	3	0	27	27	27	27
292	1	"Posion Golem"	92	34500	0	489	540	360	0	900	240	3	3	5	5	500	2000	10	2	160	14	3	0	28	28	28	28
291	1	"Axe Warrior"	102	55000	0	560	600	550	0	1000	310	3	0	1	7	500	1600	10	2	100	50	4	0	29	29	29	29
295	1	"Erohim"	128	300000	0	1100	1250	900	0	1300	500	3	150	6	8	650	1600	43200	2	70	30	4	0	2500	2500	2500	2500

//Castle Deep Event Mobs
300	1	"Mutant Hero"	82	20000	0	500	560	380	0	415	170	20	0	1	10	800	1600	10	2	150	10	3	0	16	16	16	16
301	1	"Omega Wing"	102	69000	0	978	1080	720	0	670	290	20	0	1	10	800	1600	10	2	150	10	3	0	26	26	28	26
302	1	"Axe Warrior Hero"	85	23000	0	510	580	390	0	435	175	20	0	1	10	800	1600	10	2	150	10	3	0	50	50	50	50
303	1	"Gigas Golem"	94	50000	0	750	850	550	0	580	240	20	17	5	10	1000	2500	10	2	150	10	3	0	54	54	54	54

//Chaos Castle1																											
162	1	"Chaos Castleç1"	30	700	0	70	90	30	0	160	20	50	0	1	7	400	2000	10	2	300	200	3	0	0	0	0	0
163	1	"Chaos Castle1"	32	800	0	80	100	40	0	180	30	50	17	6	7	400	1600	10	2	300	200	3	0	0	0	0	0
																											
//Chaos Castle2																											
164	1	"Chaos Castleç2"	40	1600	0	110	135	75	0	225	60	50	0	1	7	400	2000	10	2	300	200	3	0	1	1	1	1
165	1	"Chaos Castle2"	45	2700	0	125	150	90	0	250	70	50	17	6	7	400	1600	10	2	300	200	3	0	1	1	1	1
																											
//Chaos Castle3																											
166	1	"Chaos Castleç3"	54	4000	0	140	165	105	0	270	80	50	0	1	7	400	2000	10	2	300	200	3	0	2	2	2	2
167	1	"Chaos Castle3"	60	5000	0	155	180	120	0	290	90	50	17	6	7	400	1600	10	2	300	200	3	0	2	2	2	2
																											
//Chaos Castle4																											
168	1	"Chaos Castleç4"	65	6500	0	185	210	145	0	320	110	50	0	1	7	400	2000	10	2	300	200	3	0	4	4	4	4
169	1	"Chaos Castle4"	68	8000	0	205	230	160	0	350	120	50	17	6	7	400	1600	10	2	300	200	3	0	4	4	4	4
																											
//Chaos Castle5																											
170	1	"Chaos Castleç5"	70	10000	0	215	240	170	0	370	120	50	0	1	7	400	2000	10	2	300	200	3	0	5	5	5	5
171	1	"Chaos Castle5"	75	12500	0	235	260	190	0	400	130	50	17	6	7	400	1600	10	2	300	200	3	0	5	5	5	5
																											
//Chaos Castle6																											
172	1	"Chaos Castleç6"	76	15000	0	255	280	215	0	430	140	50	0	1	7	400	2000	10	2	300	200	3	0	6	6	6	6
173	1	"Chaos Castle6"	80	18000	0	280	300	240	0	470	150	50	17	6	7	400	1600	10	2	300	200	3	0	6	6	6	6
																											
//Glden Troops																											
44	1	"Golden Dragon"	60	15000	0	190	210	120	0	300	88	3	150	2	7	400	1800	100	2	50	10	0	0	9	7	9	9																										
43	1	"Golden Budge Dragon"	15	2200	0	120	125	45	0	75	30	3	0	1	7	400	1400	600	2	10	10	0	0	2	2	2	2																			
55	1	"Death King"	30	1800	0	105	110	37	0	150	37	2	0	2	6	400	1800	20	2	200	14	3	0	2	2	2	2
56	1	"Death Bone"	24	700	0	85	90	29	0	120	29	3	0	1	5	400	1600	20	2	200	14	4	0	1	1	1	1																									
78	1	"Golden Goblin"	20	3100	0	125	130	50	0	100	30	3	0	1	7	400	1400	600	2	10	10	0	0	2	2	2	2																											
53	1	"Golden Titan"	53	8000	0	170	180	105	0	265	77	3	150	3	7	400	2000	20	2	200	14	3	0	5	5	5	5
54	1	"Golden Solider"	46	3500	0	140	150	75	0	230	64	3	0	5	7	400	1800	20	2	200	14	3	0	3	3	3	3																										
79	1	"Golden Dragon"	80	23000	0	300	350	230	0	400	90	3	150	2	7	400	1800	5	2	50	10	0	0	9	7	9	9																											
80	1	"Golden Vepar"	83	25000	0	310	360	240	0	415	150	3	3	3	7	400	1600	15	2	175	14	3	0	9	7	9	9
81	1	"Golden Lizard King"	61	6300	0	190	200	110	0	310	90	3	17	4	7	400	1600	8	2	185	14	3	0	0	0	3	0																										
82	1	"tantallos"	90	30000	0	450	560	300	0	450	185	3	150	2	7	400	1400	70	2	180	30	3	0	9	7	9	9
83	1	"Golden whell"	77	15000	0	320	360	230	0	385	160	3	0	4	7	400	1400	70	2	180	30	3	0	9	7	9	9
150	1	"Bali"	52	5000	0	165	170	100	0	260	75	3	0	1	7	400	1600	100	2	160	10	3	0	6	6	6	6
151	1	"GoldWarrior"	58	4000	0	175	180	110	0	290	86	3	0	4	7	400	1600	100	2	160	10	3	0	6	6	6	6

///War of the black magic ring																											
136	1	"Destroys the warrior"	70	9500	0	210	240	180	0	400	125	3	0	1	3	400	1500	10	2	300	200	3	0	7	7	7	7
137	1	"Deconstruction"	74	12000	0	220	260	190	0	440	130	3	0	5	5	400	1800	10	2	300	200	3	0	8	8	8	8
135	1	"White evil spirit master"	87	26000	0	370	410	400	0	550	200	4	3	5	6	400	2200	10	2	150	50	4	0	15	15	20	15

//Traps																											
100	1	"Saw Trap"	80	1000	0	100	110	0	0	400	500	0	0	4	1	500	1000	3	1	200	10	0	0	0	0	0	0
101	1	"Skewer Tap"	80	1000	0	110	130	0	0	400	500	0	0	0	1	500	1000	3	1	200	10	0	0	0	0	0	0
102	1	"Fire Trap"	80	1000	0	130	150	0	0	400	500	0	0	2	1	500	1000	3	1	200	10	0	0	0	0	0	0
103	1	"Meteorite"	90	1000	0	160	190	0	0	450	500	0	50	0	1	500	1000	3	1	200	10	0	0	0	0	0	0

//BattleSoccer
200	1	"SoccerBall"	12	1000	0	150	200	0	0	60	500	0	0	4	1	500	1000	3	1	200	10	0	0	0	0	0	0

//NPC																											
229	1	"Malron"	2	50	0	15	30	70	20	10	30	0	0	0	5	400	1500	10	0	200	10	0	0	0	0	0	0
230	1	"Alex"		2	50	0	15	30	70	20	10	30	0	0	0	5	400	1500	10	0	200	10	0	0	0	0	0	0
231	1	"Thomson Cannel"	2	50	0	15	30	70	20	10	30	0	0	0	5	400	1500	10	0	200	10	0	0	0	0	0	0
234	1	"Goblin Gate"	2	50	0	15	30	70	20	10	30	0	0	0	5	400	1500	10	0	200	10	0	0	0	0	0	0
235	1	"Priest Sevina"	2	50	0	15	30	70	20	10	30	0	0	0	5	400	1500	10	0	200	10	0	0	0	0	0	0
233	1	"Spirit of Archangel"	2	50	0	15	30	70	20	10	30	0	0	0	5	400	1500	10	0	200	10	0	0	0	0	0	0
232	1	"Archangel"	2	50	0	15	30	70	20	10	30	0	0	0	5	400	1500	10	0	200	10	0	0	0	0	0	0
237	1	"Charon"	2	50	0	15	30	70	20	10	30	0	0	0	5	400	1500	10	0	200	10	0	0	0	0	0	0
238	1	"Chaos Goblin"		2	50	0	15	30	70	20	10	30	0	0	0	5	400	1500	10	0	200	10	0	0	0	0	0	0
239	1	"Stadium Guard"	2	50	0	15	30	70	20	10	30	0	0	0	5	400	1500	10	0	200	10	0	0	0	0	0	0
240	1	"Storage Guard"	2	50	0	15	30	70	20	10	30	0	0	0	5	400	1500	10	0	200	10	0	0	0	0	0	0
241	1	"Guild Master"	2	50	0	15	30	70	20	10	30	0	0	0	5	400	1500	10	0	200	10	0	0	0	0	0	0
242	1	"Elf Lala"	2	50	0	15	30	70	20	10	30	0	0	0	5	400	1500	10	0	200	10	0	0	0	0	0	0
243	1	"Craftsman"	2	50	0	15	30	70	20	10	30	0	0	0	5	400	1500	10	0	200	10	0	0	0	0	0	0
244	1	"Barmaid"	2	50	0	15	30	70	20	10	30	0	0	0	5	400	1500	10	0	200	10	0	0	0	0	0	0
245	1	"Wizard"	2	50	0	15	30	70	20	10	30	0	0	0	5	400	1500	10	0	200	10	0	0	0	0	0	0
246	1	"Weapon Merchant"	20	1000	0	15	30	70	0	100	30	0	0	0	5	400	1500	10	0	200	10	0	0	0	0	0	0
247	1	"Xbow Guard"	90	10000	0	180	195	70	20	300	100	5	0	2	2	400	1500	10	1	200	10	0	0	0	0	0	0
248	1	"Florence Peddler"	20	1000	0	15	30	70	0	100	30	0	0	0	5	400	1500	10	0	200	10	0	0	0	0	0	0
249	1	"Berdysh guard"	90	10000	0	180	195	70	20	300	100	5	0	5	5	400	1500	10	1	200	10	0	0	0	0	0	0
250	1	"Peddler"	20	1000	0	15	30	70	20	100	30	0	0	0	5	400	1000	10	0	200	10	0	0	0	0	0	0
251	1	"Hanz Blacksmith"	20	1000	0	15	30	70	20	100	30	0	0	0	5	400	1500	10	0	200	10	0	0	0	0	0	0
252	1	"Unknown Shop"	2	50	0	15	30	70	20	10	30	0	0	2	5	400	1000	10	0	200	10	0	0	0	0	0	0
253	1	"PotGirl"	2	50	0	15	30	70	20	10	30	0	0	0	5	400	1500	10	0	200	10	0	0	0	0	0	0
254	1	"Wizard Pasi"	2	50	0	15	30	70	20	10	30	0	0	0	5	400	1500	10	0	200	10	0	0	0	0	0	0
255	1	"Liad Barmaid"	2	50	0	15	30	70	20	10	30	0	0	0	5	400	1500	10	0	200	10	0	0	0	0	0	0
226	1	"Trainer"	2	50	0	15	30	70	20	10	30	0	0	0	5	400	1500	10	0	200	10	0	0	0	0	0	0
256	1	"Lahap"	2	50	0	15	30	70	20	10	30	0	0	0	5	400	1500	10	0	200	10	0	0	0	0	0	0
257	1	"Elf Soldier"	2	50	0	15	30	70	20	10	30	0	0	0	5	400	1500	10	0	200	10	0	0	0	0	0	0
//Castle Siege NPC																											
104	1	"Trap"	2	50	0	500	600	0	0	800	30	0	50	0	1	0	1000	0	0	0	0	0	0	0	0	0	0
215	1	"Shield"	2	50	0	15	30	70	20	10	30	0	0	0	5	400	1500	10	0	200	10	0	0	0	0	0	0
216	1	"Korona"	2	50	0	15	30	70	20	10	30	0	0	0	0	0	0	0	0	0	0	0	0	0	0	0	0
217	1	"CrownSwitch1"	2	50	0	15	30	70	20	10	30	0	0	0	0	0	0	0	0	0	0	0	0	0	0	0	0
218	1	"CrownSwitch2"	2	50	0	15	30	70	20	10	30	0	0	0	0	0	0	0	0	0	0	0	0	0	0	0	0
219	1	"Castle Gate Switch"	2	50	0	15	30	70	20	10	30	0	0	0	0	0	0	0	0	0	0	0	0	0	0	0	0
220	1	"Guard"	2	50	0	15	30	70	20	10	30	0	0	0	0	400	1500	0	0	0	0	0	0	0	0	0	0
221	1	"Slingshot Attack"	2	50	0	15	30	70	20	10	30	0	0	0	0	400	1500	0	0	0	0	0	0	0	0	0	0
222	1	"Slingshot Defend"	2	50	0	15	30	70	20	10	30	0	0	0	0	400	1500	0	0	0	0	0	0	0	0	0	0
223	1	"Senior"	2	50	0	15	30	70	20	10	30	0	0	0	0	0	0	0	0	0	0	0	0	0	0	0	0
224	1	"Guardsman"	2	50	0	15	30	70	20	10	30	0	0	0	0	0	0	0	0	0	0	0	0	0	0	0	0
283	1	"Guardian Statue"	2	50	0	15	30	70	20	10	30	0	0	0	0	0	0	0	0	0	0	0	0	0	0	0	0
288	1	"Cannon Tower"	200	50	0	575	610	500	20	1000	30	0	150	7	6	400	2000	0	0	0	0	0	0	0	0	0	0
277	1	"Castle Gate"	2	50	0	15	30	70	20	10	30	0	0	0	0	0	0	0	0	0	0	0	0	0	0	0	0
278	1	"Life Stone"	2	250000	0	15	30	70	20	10	30	0	0	0	0	0	0	0	0	0	0	0	0	0	0	0	0
284	1	"Vacio"	2	50	0	15	30	70	20	10	30	0	0	0	0	0	0	0	0	0	0	0	0	0	0	0	0
285	1	"Guardian Gate"	2	30000	0	15	30	70	20	10	30	0	0	0	5	400	1500	10	0	200	10	0	0	0	0	0	0
286	1	"Guard1"	100	23000	0	340	390	340	0	520	190	0	0	6	7	400	2000	0	2	0	0	0	0	7	7	7	7
287	1	"Guard2"	100	26000	0	390	430	380	0	590	200	0	0	1	3	400	1600	0	2	0	0	0	0	7	7	7	7
// "Season 1 Monsters" version 1.02D
//Aida
//Index	Rate	Name			Level	HP	MP	DamMin	DamMax	Defence	Magic	Attack	Success	MoveRg	A.Type	A.Range	V.Range	MoveSP	A.Speed	RegTime	Attrib	ItemRat	M.Rate	MaxItem	Skill
308 	1 	"Death Tree"     	62 	9000 	0 	220  	245  	145  	0 	1400 	90 	3 	150 	2 	7 	400 	1400 	30 	2	160 	14 	3 	0 	9 	7 	9 	9
306 	1 	"Death Rider" 		68 	8000 	0 	232  	262  	170  	0 	1600 	110 	3 	150 	2 	7 	400 	1400 	30 	2	160 	14 	3 	0 	9 	7 	9 	9
307 	1 	"Forest Orc"     	64 	6500 	0 	230  	250  	150  	0 	1800 	95 	3 	150 	2 	7 	400 	1400 	30 	2	160 	14 	3 	0 	9 	7 	9 	9
304 	1 	"Witch Queen"     	84 	22500 	0 	380  	410  	275  	0 	2000 	185 	3 	150 	2 	7 	400 	1400 	30 	2	160 	14 	3 	0 	9 	7 	9 	9
305 	1 	"Blue Golem"     	74 	12500 	0 	260  	290  	195  	0 	2200 	125 	3 	150 	2 	7 	400 	1400 	30 	2	160 	14 	3 	0 	9 	7 	9 	9
309 	1 	"Hell Maine"     	98 	50000 	0 	550  	600  	520  	0 	2400 	300 	3 	150 	2 	7 	400 	1400 	30 	2	160 	14 	3 	0 	9 	7 	9 	9

// CryWolf NPC																											
204	1	"Wolf Statue"	2	50	0	15	30	70	20	10	30	0	0	0	0	0	0	0	0	0	0	0	0	0	0	0	0
205	1	"Wolf Altar1"	2	50	0	15	30	70	20	10	30	0	0	0	0	0	0	0	0	0	0	0	0	0	0	0	0
206	1	"Wolf Altar2"	2	50	0	15	30	70	20	10	30	0	0	0	0	0	0	0	0	0	0	0	0	0	0	0	0
207	1	"Wolf Altar3"	2	50	0	15	30	70	20	10	30	0	0	0	0	0	0	0	0	0	0	0	0	0	0	0	0
208	1	"Wolf Altar4"	2	50	0	15	30	70	20	10	30	0	0	0	0	0	0	0	0	0	0	0	0	0	0	0	0
209	1	"Wolf Altar5"	2	50	0	15	30	70	20	10	30	0	0	0	0	0	0	0	0	0	0	0	0	0	0	0	0

//CryWolf
//Index	Rate	Name			Level	HP	MP	DamMin	DamMax	Defence	Magic	Attack	Success	MoveRg	A.Type	A.Range	V.Range	MoveSP	A.Speed	RegTime	Attrib	ItemRat	M.Rate	MaxItem	Skill
310 	1 	"Hammer Scout"       	97 	45000 	0 	530  	560  	420  	0 	1600 	250 	3 	150 	2 	7 	400 	1400 	70 	2 	180 	30 	3 	0 	9 	7 	9 	9
311 	1 	"Lance Scout"     	97 	45000 	0 	530  	560  	420  	0	1800 	250 	3 	150 	2 	7 	400 	1400 	70 	2 	180 	30 	3 	0 	9 	7 	9 	9
312 	1 	"Bow Scout"   		97 	45000 	0 	530  	560  	420  	0 	2000 	250 	3 	150 	2 	7 	400 	1400 	70 	2 	180 	30 	3 	0 	9 	7 	9 	9
313 	1 	"Werewolf"   		118 	110000 	0 	830  	850  	680  	0 	2200 	355 	3 	150 	2 	7 	400 	1400 	70 	2 	180 	30 	3 	0 	9 	7 	9 	9
316 	1 	"Valam" 		123 	240000 	0 	900  	800  	640  	0 	2400 	400 	3 	150 	2 	7 	400 	1400 	70 	2 	180 	30 	3 	0 	9 	7 	9 	9
317 	1 	"Solam" 		127 	260000 	0 	800  	800  	660  	0 	2600 	400 	3 	150 	2 	7 	400 	1400 	70 	2 	180 	30 	3 	0 	9 	7 	9 	9
314 	1 	"Scout Hero"   		123 	120000 	0 	890  	910  	740  	0 	2800 	370 	3 	150 	2 	7 	400 	1400 	70 	2 	180 	30	3 	0 	9 	7 	9 	9
315 	1 	"Werewolf Hero"   	127 	123000 	0 	964  	1015  	800  	0 	3000 	397 	3 	150 	2 	7 	400 	1400 	70 	2 	180 	30 	3 	0 	9 	7 	9 	9
//CryWolf Boss'y
//Index	Rate	Name			Level	HP	MP	DamMin	DamMax	Defence	Magic	Attack	Success	MoveRg	A.Type	A.Range	V.Range	MoveSP	A.Speed	RegTime	Attrib	ItemRat	M.Rate	MaxItem	Skill
340 	1 	"Dark Elf" 		140 	100000	0 	800 	900 	650 	0 	2000 	370 	3 	150 	3 	7 	400 	1400 	210 	2 	120 	10 	9 	0 	9 	3 	9 	9
341 	1 	"Soram" 		134 	164000 	0 	1200	1300 	982 	0 	2200 	500 	3 	150 	2 	7 	400 	1400 	10 	2 	120 	10 	9 	0 	8 	3 	9 	9
344 	1 	"Balram"		132 	140000 	0 	1075 	1140 	885 	0 	2400 	440 	3 	150 	4 	7 	400 	1400 	10 	2 	120 	10 	9 	0 	9 	3 	9 	9	
345 	1 	"Death Spirit" 		134 	95000 	0 	600 	650 	500 	0 	2600 	397 	3 	150 	4 	7 	400 	1400 	30 	2 	120 	10 	9 	0 	9 	3 	9 	9
348 	1 	"Ballista" 		133 	500000	0 	650 	750 	550 	0 	2800 	370 	0 	150 	6 	7 	0 	1400 	45 	2 	120 	10 	9 	0 	9 	3 	9 	9
349	1 	"Balgass" 		148 	400000 	0 	1000 	1500 	700 	0 	3000 	370 	3 	150 	4 	7 	400 	1400 	240 	2 	120 	10 	9 	0 	9 	3 	9 	9

// "Season 2 Monsters" version 1.02O+
//Kantru 
//350 	1 	"Berserk"     	 	84 	28000 	0	1150 	1280 	1770 	0 	1734 	780  	3 	150 	2 	7 	400 	1400 	200 	160 	2 	14	3	0 	9	7 	9	9
//351 	1 	"Sprinter Wolf"  	98 	52800 	0 	1000 	1100 	1964 	0 	1110 	520 	3 	150 	2 	7 	400	1400 	200 	160 	2 	14 	3 	0 	9 	7 	9 	9
//352	1	"Iron Rider"	 	75	11500	0	1050	1200	1950	0	1850	495	3	0	1	5	400	1400	10	2	170	14	3	0	25	25	25	25
//353	1	"Satyros"	 	78	15000	0	1300	1350	1100	0	1300	540	3	0	1	5	400	1400	10	2	170	14	3	0	26	26	26	26
//354	1	"Blade Hunter"	 	84	25000	0	1250	1350	1750	0	1300	690	3	17	4	6	500	2000	10	2	160	30	3	0	27	27	27	27
//355	1	"Kentauros"	 	92	34500	0	1390	1450	1600	0	1200	240	3	3	5	5	500	2000	10	2	160	14	3	0	28	28	28	28
//356	1	"Gigantis"	 	102	55000	0	1600	1900	1500	0	1700	310	3	0	1	7	500	1600	10	2	100	50	4	0	29	29	29	29
//357	1	"Genocider"	 	118	300000	0	1500	2000	1000	0	1500	800	3	150	6	8	650	1600	43200	2	70	30	4	0	2500	2500	2500	2500
//358 	1 	"Persona"     	 	86 	20000  	0 	1060 	1120 	1400  	0 	1568 	500  	3 	150 	2 	7 	400 	1400 	200 	160 	2 	14 	3	0 	9 	7 	9 	9
//359 	1 	"Twin Tail" 	 	90 	22000 	0 	1660 	1700 	1360 	0	1330 	710  	3 	150 	2 	7 	400 	1400 	200 	160 	2 	14	3	0 	9 	7 	9 	9
//360 	1 	"Dreadfear"      	105 	24000 	0 	1780 	1820 	1480 	0	1420 	740 	3	150 	2 	7 	400 	1400 	200 	160 	2 	14 	3	0 	9	7 	9 	9
//361 	1 	"Nightmare"      	110 	24600 	0	1928 	2030 	1490 	0 	2642 	794  	3 	150 	2 	7 	400 	1400 	200 	160 	2 	14 	3	0 	9	7 	9	9
//364	1	"Kantru 364"	 	10	50	0	0	0	0	0	0	0	0	0	0	0	0	0	0	2	0	0	0	0	0	0	0	0
//Kantru Boss (Dont Works in any maps)
//362 	1 	"Hands of Maya"  	 128	135000	0	1620	1720	1400	0	1640	873	3	17	6	7	700	1600	10	2	70	0	4	0	29	29	29	29
//63 	1 	"Maya"       	 	140	5000000	0	2000	2500	1500	0	2000	1000	3	150	15	10	800	2000	43200	2	100	0	4	0	5000	5000	5000	5000
//Kantru NPC
//367	1	"Equipment"	 	20	1000	0	15	30	70	20	100	30	0	0	0	5	400	1000	10	0	200	10	0	0	0	0	0	0
//368	1	"Elpis"		 	2	50	0	15	30	70	20	10	30	0	0	0	5	400	1500	10	0	200	10	0	0	0	0	0	0
//369	1	"Osbon"		 	2	50	0	15	30	70	20	10	30	0	0	0	5	400	1500	10	0	200	10	0	0	0	0	0	0
//229	1	"Osbon"		 	2	50	0	15	30	70	20	10	30	0	0	0	5	400	1500	10	0	200	10	0	0	0	0	0	0
//371	1	"Guard 2"		90	10000	0	180	195	70	20	300	100	5	0	5	5	400	1500	10	1	200	10	0	0	0	0	0	0
end
