//Index	Name	Type0	Unit0	Type1	Unit1	Type2	Unit2	Type3	Unit3	Type4	Unit4
0											


304	"위치퀸"	0	4	0	1	-1	-1	-1	-1	-1	-1
305	"블루골렘"	0	5	-1	-1	-1	-1	-1	-1	-1	-1
309	"헬마이네"	0	2	0	3	-1	-1	-1	-1	-1	-1

340	"다크엘프"	30	6	21	7	0	8	-1	-1	-1	-1
341	"소람"	0	11	-1	-1	-1	-1	-1	-1	-1	-1
344	"발람"	0	9	-1	-1	-1	-1	-1	-1	-1	-1
345	"데쓰스피릿"	0	10	-1	-1	-1	-1	-1	-1	-1	-1

349	"발가스"	0	12	0	13	-1	-1	-1	-1	-1	-1
360   "?????"   0   12   0   13   -1   -1   -1   -1   -1   -1
361   "?????"   0   12   0   13   -1   -1   -1   -1   -1   -1
361   "?????"   0   12   0   13   -1   -1   -1   -1   -1   -1

304   "???"   0   4   0   1   -1   -1   -1   -1   -1   -1
305   "????"   0   5   -1   -1   -1   -1   -1   -1   -1   -1
309   "????"   0   2   0   3   -1   -1   -1   -1   -1   -1

340   "????"   30   6   21   7   0   8   -1   -1   -1   -1
341   "??"   0   11   -1   -1   -1   -1   -1   -1   -1   -1
344   "??"   0   9   -1   -1   -1   -1   -1   -1   -1   -1
345   "?????"   0   10   -1   -1   -1   -1   -1   -1   -1   -1

349   "???"   0   12   0   13   -1   -1   -1   -1   -1   -1
end											
		// 공격 	0			
		// 방어	10			
		// 치료	20			
		// 치료	21	그룹치료		
		// 특수	30	소환		
					//1	"선더브레이크"
					//2	"블러디윈드"
					//3	"파이어레이"
					//4	"참"
					//5	"뱀파이어릭터치"
						
					//6	"다크엘프-그룹소환술"
					//7	"다크엘프-그룹치료"
					//8	"다크엘프-검기"
						
					//9	"발람-방향해제"
					//10	"데쓰스피릿-마나AG감소"
					//11	"소람-밀어내기"
						
					//12	"발가스-대지직격"
					//13	"발가스-10자베기"
