//Automata Number	Description	Priority	Curr State	Next State	Transition Type	Transition Rate	Transition Value Type	Transition Value	Delay
									
0									

// Priority 순으로 나열해야 한다. 0이 없이 1이 있으면 안된다.									

// Dummy AI									
10	"일반->적없음->일반"	0	0	0	0	100	-1	-1	1000
10	"일반->밖에적->일반"	1	0	0	2	100	-1	-1	1000
10	"일반->안에적->일반"	2	0	0	1	100	-1	-1	1000


// 크라이울프 일반 몬스터									

1	"일반->적없음->이동"	0	0	1	0	100	-1	-1	1000
1	"일반->밖에적->이동"	1	0	1	2	100	-1	-1	1000
1	"일반->안에적->공격"	2	0	2	1	100	-1	-1	1000

1	"이동->안에적->공격"	0	1	2	1	100	-1	-1	1000
1	"이동->적없음->이동"	1	1	1	0	100	-1	-1	1000
1	"이동->밖에적->이동"	2	1	1	2	100	-1	-1	1000

1	"공격->적없음->이동"	0	2	1	0	100	-1	-1	1000
1	"공격->HP감소->회피"	1	2	4	4	100	-1	10000	1000
1	"공격->안에적->공격"	2	2	2	1	100	-1	-1	1000
1	"공격->밖에적->이동"	3	2	1	2	100	-1	-1	1000
1	"공격->안에적->공격"	4	2	2	1	100	-1	-1	1000

1	"회피->적없음->일반"	0	4	0	0	100	-1	-1	1000
1	"회피->AGRO대->공격"	1	4	2	7	70	-1	3000	1000
1	"회피->밖에적->이동"	2	4	1	2	50	-1	-1	1000
1	"회피->안에적->공격"	3	4	2	1	50	-1	-1	1000
1	"회피->안에적->회피"	4	4	4	1	80	-1	-1	1000
1	"회피->HP감소->회피"	5	4	4	4	100	-1	2000	1000
1	"회피->HP감소->회피"	6	4	4	4	80	-1	10000	1000
1	"회피->안에적->일반"	7	4	0	1	100	-1	-1	1000
1	"회피->밖에적->일반"	8	4	0	2	100	-1	-1	1000

// 다크엘프									

2	"일반->적없음->이동"	0	0	1	0	50	-1	-1	1000
2	"일반->적없음->치료"	1	0	3	0	10	-1	-1	1000
2	"일반->적없음->소환"	2	0	6	0	100	-1	-1	1000
2	"일반->밖에적->이동"	3	0	1	2	80	-1	-1	1000
2	"일반->밖에적->소환"	4	0	6	2	100	-1	-1	1000
2	"일반->안에적->치료"	5	0	3	1	10	-1	-1	1000
2	"일반->안에적->이동"	6	0	1	1	100	-1	-1	1000

2	"이동->안에적->치료"	0	1	3	1	20	-1	-1	1000
2	"이동->안에적->공격"	1	1	2	1	30	-1	-1	1000
2	"이동->안에적->이동"	2	1	1	0	100	-1	-1	1000
2	"이동->적없음->소환"	3	1	6	0	20	-1	-1	1000
2	"이동->적없음->이동"	4	1	1	0	100	-1	-1	1000
2	"이동->밖에적->소환"	5	1	6	2	100	-1	-1	1000
2	"이동->밖에적->이동"	6	1	1	2	100	-1	-1	1000

2	"공격->적없음->이동"	0	2	1	0	100	-1	-1	1000
2	"공격->HP감소->치료"	1	2	3	4	100	-1	10000	1000
2	"공격->밖에적->이동"	2	2	1	2	100	-1	-1	1000
2	"공격->안에적->공격"	3	2	2	1	50	-1	-1	1000
2	"공격->안에적->일반"	4	2	0	1	100	-1	-1	1000

2	"치료->적없음->일반"	0	3	0	0	100	-1	-1	1000
2	"치료->밖에적->일반"	1	3	0	2	100	-1	-1	1000
2	"치료->안에적->일반"	2	3	0	1	100	-1	-1	1000

2	"소환->적없음->일반"	0	6	0	0	100	-1	-1	1000
2	"소환->밖에적->일반"	1	6	0	2	100	-1	-1	1000
2	"소환->안에적->일반"	2	6	0	1	100	-1	-1	1000


// 탱커									

3	"일반->적없음->공격"	0	0	2	0	100	-1	-1	1000
3	"일반->밖에적->공격"	1	0	2	2	100	-1	-1	1000
3	"일반->안에적->공격"	2	0	2	1	100	-1	-1	1000

3	"공격->적없음->일반"	0	2	0	0	100	-1	-1	1000
3	"공격->밖에적->일반"	1	2	0	2	100	-1	-1	1000
3	"공격->안에적->일반"	2	2	0	1	100	-1	-1	1000


end					

	// 일반행동속성	0			
	// 이동행동속성	1			
	// 공격행동속성	2			
	// 치료행동속성	3			
	// 회피행동속성	4			
	// 도움행동속성	5			
	// 특수행동속성	6			
	// 시나리오	7			

					// Transition Value 에 Aggro를 넣어서 공격일때 후공,선공 처리할수 있도록 하자!

					// 0, 1, 2가 반드시 있어야 함. 그래야 데드락을 피할 수 있다!!
					// 요령 : 0, 1, 2 에 대해 100% 확률을 만들어 주면 된다!	
					// 적 없음	0
					// 공격 범위안 적발견	1
					// 공격 범위밖 적발견	2
					// 적 처치	3
					// HP 감소	4
					// 아군 공격 도움 요청	5
					// 아군 치료 도움 요청	6
