// 아틀란스 (베파르-상점)_오후 2:47 2004-08-05_정동일
// type index level dur op1 op2 op3

// 물약리스트

14 0 0 30 0 0 0 //Apple
14 1 0 25 0 0 0 //Small vita
14 2 0 15 0 0 0 //Medie vita
14 3 0  5 0 0 0 //Big vita
14 4 0 25 0 0 0 //Small mana
14 5 0 15 0 0 0 //Medie Mana
14 6 0  5 0 0 0 //Big Mana
14 8 0 10 0 0 0 //Antidote


14 9 0 0 0 0 0
4 7 4 255 0 0 1 //Arrows +4
4 7 5 255 0 0 2 //Arrows +5
4 15 4 255 0 0 1 //Bolts +4
4 15 5 255 0 0 2 //Bolts +5


// 방어류
7  13 0 0 0 0 0 //정령헬멧
8   7 0 0 0 0 0 //스핑크스갑옷
8   8 0 0 0 0 0 //황동갑옷
10 13 0 0 0 0 0 //정령장갑
11 13 0 0 0 0 0 //정령부츠

// 무기류
0 10 0 0 1 0 0 //빛의검 
0 11 0 0 1 0 0 //전설의검
0 13 0 0 1 0 0 //더블블레이드
2  3 0 0 1 0 0 //그레이트 해머
3  0 0 0 1 0 0 //광선봉
5  3 0 0 0 0 0 //번개지팡이
end
