//Gambling System Settings
//(All Rate Max is 1000000 so 80000 is 8% etc, you can change this divisor in wzevent.ini)


0 //Normal Bag Option Rates
	//Skill / Luck / Option / ExcOpt / SortOpt

	//RareItem1
	25000	20000	30000	50000	100000	//Category 1
	25000	20000	30000	40000	200000	//Category 2
	25000	20000	30000	30000	400000	//Category 3
	25000	20000	30000	20000	200000	//Category 4
	25000	20000	30000	10000	100000	//Category 5

	//RareItem2
	25000	20000	30000	50000	100000	//Category 1
	25000	20000	30000	40000	200000	//Category 2
	25000	20000	30000	30000	400000	//Category 3
	25000	20000	30000	20000	200000	//Category 4
	25000	20000	30000	10000	100000	//Category 5

	//RareItem3
	25000	20000	30000	50000	100000	//Category 1
	25000	20000	30000	40000	200000	//Category 2
	25000	20000	30000	30000	400000	//Category 3
	25000	20000	30000	20000	200000	//Category 4
	25000	20000	30000	10000	100000	//Category 5

	//RareItem4
	25000	20000	30000	50000	100000	//Category 1
	25000	20000	30000	40000	200000	//Category 2
	25000	20000	30000	30000	400000	//Category 3
	25000	20000	30000	20000	200000	//Category 4
	25000	20000	30000	10000	100000	//Category 5

	//RareItem4
	25000	20000	30000	50000	100000	//Category 1
	25000	20000	30000	40000	200000	//Category 2
	25000	20000	30000	30000	400000	//Category 3
	25000	20000	30000	20000	200000	//Category 4
	25000	20000	30000	10000	100000	//Category 5
end

1 //Option Rate
	30000
	30000
	30000
	30000
	30000
end

2 //Special Item Rate (Rare Items) (Low Rate =))
	10000
	10000
	10000
	10000
	10000
end

3 //ExcOption Rate (Only for Special, Rare Item)
	300000
	300000
	300000
	300000
	300000
end

4 //Exc Level (Option Quantity) Rate (Common and Special)
	//SpecialItem	NormalBagItem
	100000		1000
	100000		1500
	100000		2000
	100000		2500
	100000		3000
end

//---------------------------------------------------------------//5 Category Probability Sword
5 //(Swords)
	0	0	0	5	1	1	1	4
	0	1	0	5	1	1	1	4
	0	2	0	5	1	1	1	4
	0	3	0	5	1	1	1	4
	0	4	0	5	1	1	1	4
	0	5	0	5	1	1	1	4
end

6 //(Swords)
	0	6	0	4	1	1	1	4
	0	7	0	4	1	1	1	4
	0	8	0	4	1	1	1	4
	0	9	0	4	1	1	1	4
	0	10	0	4	1	1	1	4
	0	11	0	4	1	1	1	4
end

7 //(Swords)
	0	12	0	3	1	1	1	4
	0	13	0	3	1	1	1	4
	0	14	0	3	1	1	1	4
	0	15	0	3	1	1	1	4
	0	16	0	3	1	1	1	4
	0	17	0	3	1	1	1	4
end

8 //(Swords)
	0	18	0	2	1	1	1	4
	0	19	0	2	1	1	1	4
	0	20	0	2	1	1	1	4
	0	21	0	2	1	1	1	4
	0	22	0	2	1	1	1	4
	0	23	0	2	1	1	1	4
end

9 //(Swords)
	0	24	0	1	1	1	1	4
	0	25	0	1	1	1	1	4
	0	31	0	1	1	1	1	4
end

//----------------------------------------------------------------//5 Category Probablity Sword
10 //(Swords)
	2	0	0	5	1	1	1	4
	2	1	0	5	1	1	1	4
	2	2	0	5	1	1	1	4
	2	3	0	5	1	1	1	4
	2	4	0	5	1	1	1	4
	2	5	0	5	1	1	1	4
end

11 //(Swords)
	2	6	0	4	1	1	1	4
	2	6	0	4	1	1	1	4
	2	7	0	4	1	1	1	4
	2	7	0	4	1	1	1	4
	2	8	0	4	1	1	1	4
	2	8	0	4	1	1	1	4
end

12 //(Swords)
	2	9	0	3	1	1	1	4
	2	9	0	3	1	1	1	4
	2	10	0	3	1	1	1	4
	2	10	0	3	1	1	1	4
	2	11	0	3	1	1	1	4
	2	11	0	3	1	1	1	4
end

13 //(Swords)
	2	12	0	2	1	1	1	4
	2	12	0	2	1	1	1	4
	2	13	0	2	1	1	1	4
	2	13	0	2	1	1	1	4
	2	14	0	2	1	1	1	4
	2	15	0	2	1	1	1	4
end

14 //(Swords)
	2	15	0	1	1	1	1	4
	2	16	0	1	1	1	1	4
	2	17	0	1	1	1	1	4
end

//---------------------------------------------------------------//5 Category Probability Shield
15 //(Bow)
	4	0	0	5	1	1	1	4
	4	1	0	5	1	1	1	4
	4	2	0	5	1	1	1	4
	4	3	0	5	1	1	1	4
end

16 //(Bow)
	4	4	0	4	1	1	1	4
	4	5	0	4	1	1	1	4
	4	6	0	4	1	1	1	4
	4	8	0	4	1	1	1	4
end

17 //(Bow)
	4	9	0	3	1	1	1	4
	4	10	0	3	1	1	1	4
	4	11	0	3	1	1	1	4
	4	12	0	3	1	1	1	4
end

18 //(Bow)
	4	13	0	2	1	1	1	4
	4	14	0	2	1	1	1	4
	4	16	0	2	1	1	1	4
	4	17	0	2	1	1	1	4
end

19 //(Bow)
	4	18	0	1	1	1	1	4
	4	19	0	1	1	1	1	4
	4	20	0	1	1	1	1	4
	4	21	0	1	1	1	1	4
	4	22	0	1	1	1	1	4
end

//---------------------------------------------------------------//5 Category Probability Staff
20 //(Staff)
	5	0	0	5	1	1	1	4
	5	1	0	5	1	1	1	4
	5	2	0	5	1	1	1	4
end

21 //(Staff)
	5	3	0	4	1	1	1	4
	5	4	0	4	1	1	1	4
	5	5	0	4	1	1	1	4
end

22 //(Staff)
	5	6	0	3	1	1	1	4
	5	7	0	3	1	1	1	4
	5	8	0	3	1	1	1	4
end

23 //(Staff)
	5	9	0	2	1	1	1	4
	5	10	0	2	1	1	1	4
	5	11	0	2	1	1	1	4
end

24 //(Staff)
	5	12	0	1	1	1	1	4
	5	13	0	1	1	1	1	4
end

//---------------------------------------------------------------//5 Category Probability Bow
25 //(stiks)
	5	13	0	5	1	1	1	4
	5	13	0	5	1	1	1	4
	5	14	0	5	1	1	1	4
	5	14	0	5	1	1	1	4
end

26 //(stiks)
	5	15	0	4	1	1	1	4
	5	15	0	4	1	1	1	4
	5	16	0	4	1	1	1	4
	5	16	0	4	1	1	1	4
end

27 //(stiks)
	5	17	0	3	1	1	1	4
	5	17	0	3	1	1	1	4
	5	18	0	3	1	1	1	4
	5	18	0	3	1	1	1	4
end

28 //(stiks)
	5	19	0	2	1	1	1	4
	5	19	0	2	1	1	1	4
	5	20	0	2	1	1	1	4
	5	20	0	2	1	1	1	4
end

29 //(stiks)
	5	21	0	1	1	1	1	4
	5	21	0	1	1	1	1	4
	5	22	0	1	1	1	1	4
	5	23	0	1	1	1	1	4
	5	34	0	1	1	1	1	4
end

//Item Limit Reach!

end