///////////////////////////////////////////////////////////////////////////////////////////////																		
//	[ Text Version ]	0.0.0.8																
//	[ Test Sever ver ]	-																
//	[ Main Sever ver ]	-																
//	[ Athor ]	이준희																
//	[ Data ]	2010-02-17 06:58 PM																
//	[ 내용 ]	신규 리뉴얼 몬스터 스킬 추가																
///////////////////////////////////////////////////////////////////////////////////////////////																		
// ※ 주의사항																		
// I&Dtype과 I&Dvalue의 경우 아이다&크라이울프와 칸투르가 같은 변수를 다르게 사용하고 있음 																		
// (칸투르의 경우는 문스톤 펜던트의 체크를 위하여 변수가 사용됨)																		
//																		
// I&Dtype : 스킬 요소가 가지는 개별 효과(아이다&크라이울프). 아이템 Type(칸투르)																		
// I&Dvalue: I&Dtype의 속성에 따른 상수값(아이다&크라이울프). 아이템 Index(칸투르)																		
///////////////////////////////////////////////////////////////////////////////////////////////																		
																		
//Index	Name	Type	Rate	Time(sec)	I&Dtype	I&Dvalue(dur)	Magic(Delay)	Class	Level									
0																		
//아이다&크라이울프 공방전																		
1	"스턴1"	0	50	3	-1	-1	-1	0	0									
																		
3	"MP감소"	3	50	10	2	50	-1	0	0									
4	"AG감소"	4	50	10	2	50	-1	0	0									
5	"방어력"	5	90	10	12	50	-1	0	0									
6	"공격력"	6	90	10	12	50	-1	0	0									
7	"밀기"	9	50	10	-1	-1	-1	0	0									
8	"독"	2	30	10	112	10	-1	0	0									
9	"얼음"	1	90	10	12	50	-1	0	0									
																		
11	"내구도"	7	90	10	12	9	-1	0	0									
12	"자생"	2	90	10	101	5	-1	0	0									
13	"치료"	2	90	10	11	50	-1	0	0									
14	"HP감소"	2	90	10	12	100	-1	0	0									
																		
16	"소환"	8	90	10	0	-1	-1	0	0									
17	"방향해제"	14	50	10	0	-1	27	0	0									
																		
22	"공향안걸림"	16	90	10	0	-1	28	0	0									
23	"방향안걸림"	16	90	10	0	-1	28	0	0									
																		
//칸투르 일반몬스터																		
24	"켄타우로스-멀티"	20	100	10	-1	-1	-1	0	0									
25	"페르소나-악령"	20	100	10	-1	-1	-1	0	0									
26	"트윈테일-일반"	20	100	10	-1	-1	-1	0	0									
27	"트윈테일-독"	19	100	10	-1	10	800	0	0									
28	"드레드피어-2회베기"	18	100	10	-1	-1	-1	0	0									
//나이트메어																		
29	"나이트-독"	19	50	10	-1	5	-1	0	0									
30	"나이트-독-일반"	20	100	10	-1	-1	-1	0	0									
31	"나이트-돌개-일반"	20	100	10	-1	-1	-1	0	0									
32	"나이트-화염진-일반"	20	100	10	13	38	-1	0	0									
33	"나이트-화염진-밀기"	9	100	10	-1	3	-1	0	0									
34	"나이트메어-워프"	17	100	3	-1	-1	-1	0	0									
//마야																		
35	"마야의손-프레셔-일반"	20	100	10	-1	-1	-1	0	0									
36	"마야의손-프레셔-밀기"	9	50	10	-1	3	100	0	0									
37	"마야의손-프레셔-내구"	7	20	10	2	10	-1	0	0									
																		
38	"마야의손-파워-일반"	20	100	10	-1	-1	-1	0	0									
																		
39	"마야-아이스스톰-밀기"	9	100	10	-1	-1	-1	0	0									
40	"마야-아이스스톰-일반"	20	100	10	-1	-1	-1	0	0									
																		
41	"마야-브로큰샤워-일반"	20	100	10	-1	-1	-1	0	0									
42	"마야-브로큰샤워-스턴"	0	10	3	-1	-1	-1	0	0									
																		
//라클리온																		
43	"포효"	0	20	2	-1	-1	-1	0	0									
44	"짓밟기"	9	100	0	0	2	-1	0	0									
45	"분노의일격"	20	100	10	-1	-1	-1	0	0									
46	"쿨러틴-독구슬"	19	100	0	-1	10	-1	0	0									
47	"블로우"	18	100	0	0	-1	-1	0	0									
48	"세루판-독구슬"	19	100	0	-1	10	-1	0	0									
49	"세루판-냉기폭풍"	20	100	10	-1	-1	-1	0	0									
50	"세루판-냉기충격"	9	100	0	-1	10	-1	0	0									
51	"세루판-낙하"	9	100	0	-1	4	-1	0	0									
52	"세루판-소환"	8	100	0	-1	-1	-1	0	0									
53	"세루판-치료"	2	100	0	1	5	-1	0	0									
54	"세루판-얼리기"	0	100	5	-1	-1	-1	0	0									
55	"세루판-순간이동"	17	100	0	-1	-1	-1	0	0									
56	"세루판-무적"	21	100	10	11	10000	-1	0	0									
57	"세루판-광폭화"	6	100	-1	11	300	-1	0	0									
//Index	Name	Type	Rate	Time(sec)	I&Dtype	I&Dvalue(dur)	Magic(Delay)	Class	Level									
//제국 수호군 요새																		
//제국 수호군 요새 일반 몬스터																		
58	"방패병-방어"	5	100	5	1	50	-1	0	0									
59	"방패병-방패가격-스턴"	0	30	2	-1	-1	-1	0	0									
60	"치유병-치유"	2	100	0	1	10	-1	0	0									
//제국 수호군 요새 보스몬스터 - 광폭화 스킬은 서버 내에서 직접 처리																		
61	"일반-일반타격"	20	100	10	-1	-1	-1	0	0									
62	"기사단장-스킬04-도트"	19	100	10	-1	10	-1	0	0									
63	"암살단장-스킬06-독"	19	100	10	-1	5	-1	0	0									
64	"기마단장-어스-밀기"	9	100	10	-1	3	-1	0	0									
65	"기마단장-물기-도트"	19	100	10	102	50	-1	0	0									
66	"기마단장-헤드혼-밀기"	9	100	10	-1	4	-1	0	0									
//67	"광폭화-공격력상승"	6	100	-1	1	150	-1	0	0									
//68	"광폭화-방어력상승"	5	100	-1	1	150	-1	0	0									
69	"버몬트-이속감소"	1	40	10	12	50	-1	0	0									
70	"가이온-블러드-방감"	5	100	10	2	20	-1	0	0									
71	"가이온-일반타격"	20	100	10	-1	-1	-1	0	0									
72	"가이온-기간틱"	20	100	10	-1	-1	-1	0	0									
73	"가이온-플레임"	20	100	10	-1	-1	-1	0	0									
//신규 몬스터 스킬																		
74	"스턴2"	0	20	3	-1	-1	-1	0	0									
//Index	Name	Type	Rate	Time(sec)	I&Dtype	I&Dvalue(dur)	Magic(Delay)	Class	Level									
//평온의 늪 보스 몬스터																		
//평온의 늪 보스-메두사																		
75	"메두사-커스포이즌"	2	80	20	12	100	-1	0	0									
76	"메두사-카오틱1"	2	100	0	12	500	-1	0	0									
77	"메두사-카오틱2"	1	100	10	12	30	-1	0	0									
//Index	Name	Type	Rate	Time(sec)	I&Dtype	I&Dvalue(dur)	Magic(Delay)	Class	Level									
//아케론 보스 몬스터																		
78	"샐러맨더-스킬타격1"	20	100	10	-1	-1	-1	0	0									
79	"샐러맨더-스킬타격2"	20	100	10	-1	-1	-1	0	0									
80	"샐러맨더-타격"	20	100	10	-1	-1	-1	0	0									
81	"샐러맨더-독"	19	50	10	12	50	10	0	0									
82	"운디네-스킬타격1"	20	100	10	-1	-1	-1	0	0									
83	"운디네-스킬타격2"	20	100	10	-1	-1	-1	0	0									
84	"운디네-타격"	20	100	10	-1	-1	-1	0	0									
85	"운디네-얼음"	1	50	10	12	50	300	0	0									
86	"노움-스킬타격1"	20	100	10	-1	-1	-1	0	0									
87	"노움-스킬타격2"	20	100	10	-1	-1	-1	0	0									
88	"노움-타격"	20	100	10	-1	-1	-1	0	0									
89	"노움-스턴"	0	50	3	-1	-1	300	0	0									
90	"실피드-스킬타격1"	20	100	10	-1	-1	-1	0	0									
91	"실피드-스킬타격2"	20	100	10	-1	-1	-1	0	0									
92	"실피드-타격"	20	100	10	-1	-1	-1	0	0									
93	"실피드-밀기"	9	100	10	-1	5	300	0	0									
94	"힐라사-스킬타격1"	20	100	10	-1	-1	-1	0	0									
95	"힐라사-스킬타격2"	20	100	10	-1	-1	-1	0	0									
96	"힐라사-타격"	20	100	10	-1	-1	-1	0	0									
97	"힐라사-HP감소"	2	100	0	12	100	300	0	0									
//Index	Name	Type	Rate	Time(sec)	I&Dtype	I&Dvalue(dur)	Magic(Delay)	Class	Level									
98	"로드실베스터-일반공격"	20	100	10	-1	-1	500	0	0									
99	"로드실베스터-바람회오리"	20	100	10	-1	-1	1800	0	0									
100	"로드실베스터-바람의저주"	22	100	10	-1	-1	1800	0	0									
101	"로드실베스터-바람의 부름(소환)"	8	100	0	-1	-1	2000	0	0
102	"로드실베스터-스턴"	0	50	3	-1	-1	-1	0	0
103	"로드실베스터-무적"	21	100	10	11	10000	-1	0	0
104	"로드실베스터-밀기"	9	100	10	-1	5	1800	0	0
//Index	Name	Type	Rate	Time(sec)	I&Dtype	I&Dvalue(dur)	Magic(Delay)	Class	Level
105	"각성몬-멀티샷"		24	100	10	-1	0	300	0	0
106	"각성몬-번개공격"	24	100	10	-1	20	300	0	0
107	"각성몬-불화살"		24	100	10	-1	40	300	0	0
108	"각성몬-얼음도트"	23	100	10	-1	10	300	0	0
109	"각성몬-사라짐"		1	100	10	-1	-1	-1	0	0
//Index	Name	Type	Rate	Time(sec)	I&Dtype	I&Dvalue(dur)	Magic(Delay)	Class	Level
110	"코어마그리피-일반공격"	20	100	10	-1	-1	-1	0	0
111	"코어마그리피-회오리"	25	100	10	-1	-1	-1	0	0
112	"코어마그리피-포효"	28	100	10	-1	-1	-1	0	0
113	"코어마그리피-분신"	8	100	0	-1	1	-1	0	0
114	"코어마그리피-광폭화"	26	100	3600	-1	100	-1	0	0
115	"코어마그리피-독"	19	50	10	-1	5	-1	0	0
116	"코어마그리피-밀기"	9	100	10	-1	5	-1	0	0
//Index	Name	Type	Rate	Time(sec)	I&Dtype	I&Dvalue(dur)	Magic(Delay)	Class	Level
117	"페리아군주 - 일반공격"	29	100	10	-1	1	-1	0	0
118	"페리아군주 - 지뢰폭발"	30	100	10	-1	1	6000	0	0
119	"페리아군주 - 휘두르기"	31	100	10	-1	1	-1	0	0
120	"FereaRoarOfLord"	32	100	10	-1	1	3000	0	0
121	"페리아군주 - 휘하의부름"	33	100	10	-1	1	-1	0	0
//Index	Name			Type	Rate	Time	IDtype	IDval	M(Delay)Class	Level
122	"닉스 - 일반공격"	20	100	10	-1	1	-1	0	0
123	"닉스 - 에너지구체"	34	100	30	-1	1	1000	0	0
124	"닉스 - 아이스레인"	35	100	10	-1	1	-1	0	0
125	"닉스 - 얼음술결"	36	100	60	-1	1	-1	0	0
126	"닉스 - 아이스붐"	37	100	10	-1	1	1000	0	0
127	"닉스 - 데블아이스"	38	100	10	-1	1	5000	0	0
128	"Cent Fire Slash"	39	100	0	-1	-1	0	0	0
129	"Cent Twister"		40	100	0	-1	-1	-1	0	0
130	"Cent Nova Beginning"	0	0	0	-1	-1	-1	0	0
131	"Cent Nova"		41	100	0	-1	-1	-1	0	0
132	"Cent Fire Blood"	42	100	0	0	10	1	0	0
133	"Cent Ice Blood"	43	100	0	0	20	2	0	0
end
																		
																		
