//////////////////////////////////////////////////////////////////////////////////////													
// EventItemBag 61													
//	[ Start  ] 	2009-07-16											
//	[ Latest ]	2009-07-16 12:07 PM											
//	[ Author ]	홍승욱											
//	[ Version ]	0.0.0.1											
//	[ Text ]	제국 수호군 맵 보스 몬스터 드랍 아이템 리스트											
//	[ Desc ]												
//////////////////////////////////////////////////////////////////////////////////////													
//레벨대를 지정하여 해당 레벨대에 맞는 아이템을 드랍													
//한번에 여러 개의 아이템을 드랍할수도 있음													
//4번 카테고리 설정 시 아이템 드랍과 함께 젠 드랍도 설정 가능													
//1. 레벨대													
//Index	Level_min	Level_max											
0													
0	1	100											
1	101	200											
2	201	300											
3	301	400											
4	401	800											
//5													
//6													
//7													
//8													
//9													
end													
//2. 아이템 그룹 													
//세트 아이템 드랍 시 아이템의 인덱스와 타입만 기입하면 해당 세트 아이템이 드랍													
//Level_index	Type	Index	MinLevel	MaxLevel	Skill	LuckOption	AddOption	ExOption	IsSetItem	Rate			
1													
//1~100 레벨													
//보석류													
0	12	30	0	0	1	1	1	1	0	1	//축복의보석묶음	10묶음	
0	12	31	0	0	1	1	1	1	0	2	//영혼의보석묶음	10묶음	
0	14	13	0	0	1	1	1	1	0	1000	//축복의보석		
0	14	16	0	0	1	1	1	1	0	1500	//생명의보석		
0	14	14	0	0	1	1	1	1	0	2000	//영혼의보석		
0	14	22	0	0	1	1	1	1	0	2500	//창조의보석		
0	12	15	0	0	1	1	1	1	0	3000	//혼돈의보석		
//검류													
0	0	14	0	0	1	1	1	1	0	1990	//번개검		
0	0	13	0	0	1	1	1	1	0	2200	//더블블레이드		
0	0	5	0	0	1	1	1	1	0	3400	//블레이드		
0	0	15	0	0	1	1	1	1	0	4600	//거대한검		
0	0	6	0	0	1	1	1	1	0	4800	//그라디우스		
0	0	7	0	0	1	1	1	1	0	4000	//펄션		
0	0	8	0	0	1	1	1	1	0	4200	//서펜트볼그		
0	0	9	0	0	1	1	1	1	0	5300	//셀러멘더검		
0	0	10	0	0	1	1	1	1	0	5200	//빛의검		
0	0	11	0	0	1	1	1	1	0	5100	//전설의검		
0	0	12	0	0	1	1	1	1	0	5000	//태양검		
//도끼류													
0	1	5	0	0	1	1	1	1	0	5110	//전투도끼		
0	1	6	0	0	1	1	1	1	0	5210	//니케아도끼		
0	1	7	0	0	1	1	1	1	0	6410	//라르칸도끼		
0	1	8	0	0	1	1	1	1	0	6310	//반월도끼		
//둔기류													
0	2	4	0	0	1	1	1	1	0	6110	//크리스탈모닝스타		
0	2	3	0	0	1	1	1	1	0	6210	//그레이트해머		
//창류													
0	3	9	0	0	1	1	1	1	0	6100	//발록의낫		
0	3	8	0	0	1	1	1	1	0	6200	//그레이트사이드		
//방패류													
0	6	13	0	0	1	1	1	1	0	8000	//드라곤방패		
0	6	14	0	0	1	1	1	1	0	8200	//전설의방패		
0	6	5	0	0	1	1	1	1	0	8400	//드래곤슬레이어방패		
0	6	16	0	0	1	1	1	1	0	8600	//엘리멘탈방패		
0	6	3	0	0	1	1	1	1	0	8800	//요정방패		
0	6	0	0	0	1	1	1	1	0	9779	//원형방패		
0	6	4	0	0	1	1	1	1	0	11000	//버클러		
0	6	6	0	0	1	1	1	1	0	10900	//해골방패		
0	6	7	0	0	1	1	1	1	0	10800	//스파이크방패		
0	6	9	0	0	1	1	1	1	0	10700	//철판방패		
0	6	10	0	0	1	1	1	1	0	10600	//큰원형방패		
//활,석궁류													
0	4	13	0	0	1	1	1	1	0	5120	//블루윙석궁		
0	4	12	0	0	1	1	1	1	0	5220	//서팬트석궁		
0	4	4	0	0	1	1	1	1	0	5320	//타이거보우		
0	4	5	0	0	1	1	1	1	0	5420	//실버보우		
0	4	11	0	0	1	1	1	1	0	5520	//빛의석궁		
//지팡이류													
0	5	6	0	0	1	1	1	1	0	1890	//부활의지팡이		
0	5	5	0	0	1	1	1	1	0	3290	//전설의지팡이		
0	5	4	0	0	1	1	1	1	0	4090	//고르곤지팡이		
0	5	3	0	0	1	1	1	1	0	5090	//번개지팡이		
//서(소환술사 보조무기)													
0	5	22	0	0	1	1	1	1	0	6080	//닐의서		
0	5	21	0	0	1	1	1	1	0	6280	//사아무트의서		
0	5	23	0	0	1	1	1	1	0	6480	//라글의서		
//셉터류													
0	2	8	0	0	1	1	1	1	0	6150	//베틀셉터		
//스틱류													
0	5	16	0	0	1	1	1	1	0	6550	//레드윙스틱		
0	5	15	0	0	1	1	1	1	0	6450	//바이올렌윈드스틱		
0	5	14	0	0	1	1	1	1	0	6350	//미스터리스틱		
//투구류													
0	7	5	0	0	1	1	1	1	0	8003	//가죽헬멧		
0	7	0	0	0	1	1	1	1	0	7903	//청동투구		
0	7	8	0	0	1	1	1	1	0	7803	//황동헬멧		
0	7	6	0	0	1	1	1	1	0	7703	//비늘헬멧		
0	7	9	0	0	1	1	1	1	0	7603	//철판헬멧		
0	7	1	0	0	1	1	1	1	0	7503	//드라곤투구		
0	7	2	0	0	1	1	1	1	0	8013	//패드투구		
0	7	4	0	0	1	1	1	1	0	7913	//뼈헬멧		
0	7	7	0	0	1	1	1	1	0	7813	//스핑크스마스크		
0	7	3	0	0	1	1	1	1	0	7713	//전설의헬멧		
0	7	10	0	0	1	1	1	1	0	8023	//넝쿨헬멧		
0	7	11	0	0	1	1	1	1	0	7923	//실크헬멧		
0	7	12	0	0	1	1	1	1	0	7823	//바람의헬멧		
0	7	13	0	0	1	1	1	1	0	7723	//정령헬멧		
0	7	14	0	0	1	1	1	1	0	7623	//수호헬멧		
0	7	39	0	0	1	1	1	1	0	8033	//바이올렌윈드헬멧		
0	7	40	0	0	1	1	1	1	0	7933	//레드윙헬멧		
0	7	25	0	0	1	1	1	1	0	8041	//라운드마스크		
//갑옷류													
0	8	5	0	0	1	1	1	1	0	8001	//가죽갑옷		
0	8	0	0	0	1	1	1	1	0	7901	//청동갑옷		
0	8	8	0	0	1	1	1	1	0	7801	//황동갑옷		
0	8	6	0	0	1	1	1	1	0	7701	//비늘갑옷		
0	8	9	0	0	1	1	1	1	0	7601	//철판갑옷		
0	8	1	0	0	1	1	1	1	0	7501	//드라곤갑옷		
0	8	2	0	0	1	1	1	1	0	8011	//패드갑옷		
0	8	4	0	0	1	1	1	1	0	7911	//뼈갑옷		
0	8	7	0	0	1	1	1	1	0	7811	//스핑크스갑옷		
0	8	3	0	0	1	1	1	1	0	7711	//전설의갑옷		
0	8	10	0	0	1	1	1	1	0	8021	//넝쿨갑옷		
0	8	11	0	0	1	1	1	1	0	7921	//실크갑옷		
0	8	12	0	0	1	1	1	1	0	7821	//바람의갑옷		
0	8	13	0	0	1	1	1	1	0	7721	//정령갑옷		
0	8	14	0	0	1	1	1	1	0	7621	//수호갑옷		
0	8	39	0	0	1	1	1	1	0	8031	//바이올렌윈드갑옷		
0	8	40	0	0	1	1	1	1	0	7931	//레드윙갑옷		
0	8	25	0	0	1	1	1	1	0	8041	//라운드갑옷		
//바지류													
0	9	5	0	0	1	1	1	1	0	8002	//가죽바지		
0	9	0	0	0	1	1	1	1	0	7902	//청동바지		
0	9	8	0	0	1	1	1	1	0	7802	//황동바지		
0	9	6	0	0	1	1	1	1	0	7702	//비늘바지		
0	9	9	0	0	1	1	1	1	0	7602	//철판바지		
0	9	1	0	0	1	1	1	1	0	7502	//드라곤바지		
0	9	2	0	0	1	1	1	1	0	8012	//패드바지		
0	9	4	0	0	1	1	1	1	0	7912	//뼈바지		
0	9	7	0	0	1	1	1	1	0	7812	//스핑크스바지		
0	9	3	0	0	1	1	1	1	0	7712	//전설의바지		
0	9	10	0	0	1	1	1	1	0	8022	//넝쿨바지		
0	9	11	0	0	1	1	1	1	0	7922	//실크바지		
0	9	12	0	0	1	1	1	1	0	7822	//바람의바지		
0	9	13	0	0	1	1	1	1	0	7722	//정령바지		
0	9	14	0	0	1	1	1	1	0	7622	//수호바지		
0	9	39	0	0	1	1	1	1	0	8032	//바이올렌윈드바지		
0	9	40	0	0	1	1	1	1	0	7932	//레드윙바지		
0	9	25	0	0	1	1	1	1	0	8042	//라운드바지		
//장갑류													
0	10	5	0	0	1	1	1	1	0	8004	//가죽장갑		
0	10	0	0	0	1	1	1	1	0	7904	//청동장갑		
0	10	8	0	0	1	1	1	1	0	7804	//황동장갑		
0	10	6	0	0	1	1	1	1	0	7704	//비늘장갑		
0	10	9	0	0	1	1	1	1	0	7604	//철판장갑		
0	10	1	0	0	1	1	1	1	0	7504	//드라곤장갑		
0	10	2	0	0	1	1	1	1	0	8014	//패드장갑		
0	10	4	0	0	1	1	1	1	0	7914	//뼈장갑		
0	10	7	0	0	1	1	1	1	0	7814	//스핑크스장갑		
0	10	3	0	0	1	1	1	1	0	7714	//전설의장갑		
0	10	10	0	0	1	1	1	1	0	8024	//넝쿨장갑		
0	10	11	0	0	1	1	1	1	0	7924	//실크장갑		
0	10	12	0	0	1	1	1	1	0	7824	//바람의장갑		
0	10	13	0	0	1	1	1	1	0	7724	//정령장갑		
0	10	14	0	0	1	1	1	1	0	7624	//수호장갑		
0	10	39	0	0	1	1	1	1	0	8034	//바이올렌윈드장갑		
0	10	40	0	0	1	1	1	1	0	7934	//레드윙장갑		
0	10	25	0	0	1	1	1	1	0	8044	//라운드장갑		
//부츠류													
0	11	5	0	0	1	1	1	1	0	8005	//가죽부츠		
0	11	0	0	0	1	1	1	1	0	7905	//청동부츠		
0	11	8	0	0	1	1	1	1	0	7805	//황동부츠		
0	11	6	0	0	1	1	1	1	0	7705	//비늘부츠		
0	11	9	0	0	1	1	1	1	0	7605	//철판부츠		
0	11	1	0	0	1	1	1	1	0	7505	//드라곤부츠		
0	11	2	0	0	1	1	1	1	0	8015	//패드부츠		
0	11	4	0	0	1	1	1	1	0	7915	//뼈부츠		
0	11	7	0	0	1	1	1	1	0	7815	//스핑크스부츠		
0	11	3	0	0	1	1	1	1	0	7715	//전설의부츠		
0	11	10	0	0	1	1	1	1	0	8025	//넝쿨부츠		
0	11	11	0	0	1	1	1	1	0	7925	//실크부츠		
0	11	12	0	0	1	1	1	1	0	7825	//바람의부츠		
0	11	13	0	0	1	1	1	1	0	7725	//정령부츠		
0	11	14	0	0	1	1	1	1	0	7625	//수호부츠		
0	11	39	0	0	1	1	1	1	0	8035	//바이올렌윈드부츠		
0	11	40	0	0	1	1	1	1	0	7935	//레드윙부츠		
0	11	25	0	0	1	1	1	1	0	8045	//라운드부츠		
//Rate 합계										1,000,000 	/1,000,000	0 	남은확률
//101~200 레벨													
//Level_index	Type	Index	MinLevel	MaxLevel	Skill	LuckOption	AddOption	ExOption	IsSetItem	Rate			
//보석류													
1	12	30	0	0	1	1	1	1	0	10	//축복의보석묶음	10묶음	
1	12	31	0	0	1	1	1	1	0	20	//영혼의보석묶음	10묶음	
1	14	13	0	0	1	1	1	1	0	2000	//축복의보석		
1	14	16	0	0	1	1	1	1	0	3000	//생명의보석		
1	14	14	0	0	1	1	1	1	0	4000	//영혼의보석		
1	14	22	0	0	1	1	1	1	0	5000	//창조의보석		
1	12	15	0	0	1	1	1	1	0	6000	//혼돈의보석		
//검류													
1	0	16	0	0	1	1	1	1	0	1135	//파괴의검		
1	0	14	0	0	1	1	1	1	0	3998	//번개검		
1	0	13	0	0	1	1	1	1	0	5208	//더블블레이드		
1	0	5	0	0	1	1	1	1	0	5578	//블레이드		
//도끼류													
1	1	8	0	0	1	1	1	1	0	10311	//반월도끼		
//둔기류													
1	2	5	0	0	1	1	1	1	0	12033	//크리스탈검		
1	2	7	0	0	1	1	1	1	0	10533	//엘리멘탈메이스		
1	2	4	0	0	1	1	1	1	0	10033	//크리스탈모닝스타		
//창류													
1	3	10	0	0	1	1	1	1	0	6522	//드라곤스피어		
1	3	9	0	0	1	1	1	1	0	12022	//발록의낫		
//방패류													
1	6	15	0	0	1	1	1	1	0	9511	//그랜드소울방패		
1	6	13	0	0	1	1	1	1	0	9011	//드라곤방패		
1	6	14	0	0	1	1	1	1	0	9111	//전설의방패		
1	6	16	0	0	1	1	1	1	0	9311	//엘리멘탈방패		
//활,석궁류													
1	4	17	0	0	1	1	1	1	0	7523	//홀리사이트보우		
1	4	16	0	0	1	1	1	1	0	7811	//세인트크로스석궁		
1	4	14	0	0	1	1	1	1	0	7903	//아쿠아골드석궁		
1	4	13	0	0	1	1	1	1	0	8100	//블루윙석궁		
//지팡이류													
1	5	8	0	0	1	1	1	1	0	4128	//파멸의지팡이		
1	5	6	0	0	1	1	1	1	0	4032	//부활의지팡이		
1	5	5	0	0	1	1	1	1	0	7118	//전설의지팡이		
//서(소환술사 보조무기)													
1	5	22	0	0	1	1	1	1	0	10012	//닐의서		
1	5	21	0	0	1	1	1	1	0	10111	//사아무트의서		
1	5	23	0	0	1	1	1	1	0	11231	//라글의서		
//셉터류													
1	2	10	0	0	1	1	1	1	0	5811	//그레이트셉터		
1	2	9	0	0	1	1	1	1	0	12980	//마스터셉터		
1	2	8	0	0	1	1	1	1	0	14040	//베틀셉터		
//스틱류													
1	5	16	0	0	1	1	1	1	0	12090	//레드윙스틱		
//투구류												3	
1	7	16	0	0	1	1	1	1	0	7303	//블랙드라곤투구		
1	7	34	0	0	1	1	1	1	0	9403	//애쉬크로우헬멧		
1	7	1	0	0	1	1	1	1	0	7503	//드라곤투구		
1	7	18	0	0	1	1	1	1	0	7513	//그랜드소울헬멧		
1	7	35	0	0	1	1	1	1	0	9613	//이클립스헬멧		
1	7	3	0	0	1	1	1	1	0	7713	//전설의헬멧		
1	7	19	0	0	1	1	1	1	0	7423	//홀리스프릿헬멧		
1	7	36	0	0	1	1	1	1	0	8523	//아이리스헬멧		
1	7	14	0	0	1	1	1	1	0	7623	//수호헬멧		
1	7	42	0	0	1	1	1	1	0	7823	//데모닉헬멧		
1	7	41	0	0	1	1	1	1	0	7903	//에이션트헬멧		
1	7	39	0	0	1	1	1	1	0	8033	//바이올렌윈드헬멧		
1	7	40	0	0	1	1	1	1	0	9533	//레드윙헬멧		
1	7	26	0	0	1	1	1	1	0	9943	//다크소울마스크		
1	7	25	0	0	1	1	1	1	0	9043	//라운드마스크		
//갑옷류												1	
1	8	16	0	0	1	1	1	1	0	7301	//블랙드라곤갑옷		
1	8	34	0	0	1	1	1	1	0	9401	//애쉬크로우갑옷		
1	8	1	0	0	1	1	1	1	0	7501	//드라곤갑옷		
1	8	18	0	0	1	1	1	1	0	7511	//그랜드소울갑옷		
1	8	35	0	0	1	1	1	1	0	9611	//이클립스갑옷		
1	8	3	0	0	1	1	1	1	0	7711	//전설의갑옷		
1	8	19	0	0	1	1	1	1	0	7421	//홀리스프릿갑옷		
1	8	36	0	0	1	1	1	1	0	8521	//아이리스갑옷		
1	8	14	0	0	1	1	1	1	0	7621	//수호갑옷		
1	8	42	0	0	1	1	1	1	0	7821	//데모닉갑옷		
1	8	41	0	0	1	1	1	1	0	7901	//에이션트갑옷		
1	8	39	0	0	1	1	1	1	0	8031	//바이올렌윈드갑옷		
1	8	40	0	0	1	1	1	1	0	9531	//레드윙갑옷		
1	8	26	0	0	1	1	1	1	0	9941	//다크소울갑옷		
1	8	25	0	0	1	1	1	1	0	9041	//라운드갑옷		
1	8	15	0	0	1	1	1	1	0	6501	//아틀란스갑옷		
//바지류												2	
1	9	16	0	0	1	1	1	1	0	7302	//블랙드라곤바지		
1	9	34	0	0	1	1	1	1	0	9402	//애쉬크로우바지		
1	9	1	0	0	1	1	1	1	0	7502	//드라곤바지		
1	9	18	0	0	1	1	1	1	0	7512	//그랜드소울바지		
1	9	35	0	0	1	1	1	1	0	9612	//이클립스바지		
1	9	3	0	0	1	1	1	1	0	7712	//전설의바지		
1	9	19	0	0	1	1	1	1	0	7422	//홀리스프릿바지		
1	9	36	0	0	1	1	1	1	0	8522	//아이리스바지		
1	9	14	0	0	1	1	1	1	0	7622	//수호바지		
1	9	42	0	0	1	1	1	1	0	7822	//데모닉바지		
1	9	41	0	0	1	1	1	1	0	7902	//에이션트바지		
1	9	39	0	0	1	1	1	1	0	8032	//바이올렌윈드바지		
1	9	40	0	0	1	1	1	1	0	9532	//레드윙바지		
1	9	26	0	0	1	1	1	1	0	9942	//다크소울바지		
1	9	25	0	0	1	1	1	1	0	9042	//라운드바지		
1	9	15	0	0	1	1	1	1	0	6502	//아틀란스바지		
//장갑류												4	
1	10	16	0	0	1	1	1	1	0	7304	//블랙드라곤장갑		
1	10	34	0	0	1	1	1	1	0	9404	//애쉬크로우장갑		
1	10	1	0	0	1	1	1	1	0	7504	//드라곤장갑		
1	10	18	0	0	1	1	1	1	0	7514	//그랜드소울장갑		
1	10	35	0	0	1	1	1	1	0	9614	//이클립스장갑		
1	10	3	0	0	1	1	1	1	0	7714	//전설의장갑		
1	10	19	0	0	1	1	1	1	0	7424	//홀리스프릿장갑		
1	10	36	0	0	1	1	1	1	0	8524	//아이리스장갑		
1	10	14	0	0	1	1	1	1	0	7624	//수호장갑		
1	10	42	0	0	1	1	1	1	0	7824	//데모닉장갑		
1	10	41	0	0	1	1	1	1	0	7904	//에이션트장갑		
1	10	39	0	0	1	1	1	1	0	8034	//바이올렌윈드장갑		
1	10	40	0	0	1	1	1	1	0	9534	//레드윙장갑		
1	10	26	0	0	1	1	1	1	0	9944	//다크소울장갑		
1	10	25	0	0	1	1	1	1	0	9044	//라운드장갑		
1	10	15	0	0	1	1	1	1	0	6504	//아틀란스장갑		
//부츠류												5	
1	11	16	0	0	1	1	1	1	0	7305	//블랙드라곤부츠		
1	11	34	0	0	1	1	1	1	0	9405	//애쉬크로우부츠		
1	11	1	0	0	1	1	1	1	0	7505	//드라곤부츠		
1	11	18	0	0	1	1	1	1	0	7515	//그랜드소울부츠		
1	11	35	0	0	1	1	1	1	0	9615	//이클립스부츠		
1	11	3	0	0	1	1	1	1	0	7715	//전설의부츠		
1	11	19	0	0	1	1	1	1	0	7425	//홀리스프릿부츠		
1	11	36	0	0	1	1	1	1	0	8525	//아이리스부츠		
1	11	14	0	0	1	1	1	1	0	7625	//수호부츠		
1	11	42	0	0	1	1	1	1	0	7825	//데모닉부츠		
1	11	41	0	0	1	1	1	1	0	7905	//에이션트부츠		
1	11	39	0	0	1	1	1	1	0	8035	//바이올렌윈드부츠		
1	11	40	0	0	1	1	1	1	0	9535	//레드윙부츠		
1	11	26	0	0	1	1	1	1	0	9945	//다크소울부츠		
1	11	25	0	0	1	1	1	1	0	9045	//라운드부츠		
1	11	15	0	0	1	1	1	1	0	6505	//아틀란스부츠		
//세트아이템류													
1	11	5	0	0	0	1	1	0	1	4001	//가죽부츠	무도가의	무명의
1	10	5	0	0	0	1	1	0	1	4002	//가죽장갑	무도가의	
1	7	5	0	0	0	1	1	0	1	4003	//가죽헬멧	무도가의	무명의
1	9	5	0	0	0	1	1	0	1	4004	//가죽바지	무도가의	무명의
1	8	5	0	0	0	1	1	0	1	4005	//가죽갑옷	무도가의	
1	2	1	0	0	0	1	1	0	1	4006	//모닝스타	무도가의	
1	13	8	0	0	0	1	1	0	1	4007	//얼음의반지	무도가의	
1	6	0	0	0	0	1	1	0	1	4008	//원형방패		무명의
1	10	2	0	0	0	1	1	0	1	4009	//패드장갑	아폴로의	
1	9	2	0	0	0	1	1	0	1	4010	//패드바지	아폴로의	바네크의
1	8	2	0	0	0	1	1	0	1	4011	//패드갑옷	아폴로의	
1	7	2	0	0	0	1	1	0	1	4012	//패드투구	아폴로의	바네크의
1	5	0	0	0	0	1	1	0	1	4013	//해골지팡이	아폴로의	
1	13	25	0	0	0	1	1	0	1	4014	//얼음의목걸이	아폴로의	
1	13	24	0	0	0	1	1	0	1	4015	//마법의반지	아폴로의	
1	11	2	0	0	0	1	1	0	1	4016	//패드부츠		바네크의
1	11	10	0	0	0	1	1	0	1	4017	//넝쿨부츠	세토의	드라크의
1	10	10	0	0	0	1	1	0	1	4018	//넝쿨장갑	세토의	
1	9	10	0	0	0	1	1	0	1	4019	//넝쿨바지	세토의	드라크의
1	7	10	0	0	0	1	1	0	1	4020	//넝쿨헬멧	세토의	드라크의
1	0	2	0	0	0	1	1	0	1	4021	//레이피어	세토의	
1	13	22	0	0	0	1	1	0	1	4022	//땅의반지	세토의	
1	8	10	0	0	0	1	1	0	1	4023	//넝쿨갑옷		드라크의
//Rate 합계										1,000,000 	/1,000,000	0 	남은확률
//201~300 레벨													
//Level_index	Type	Index	MinLevel	MaxLevel	Skill	LuckOption	AddOption	ExOption	IsSetItem	Rate			
//보석류													
2	12	30	0	0	1	1	1	1	0	100	//축복의보석묶음	10묶음	
2	12	31	0	0	1	1	1	1	0	200	//영혼의보석묶음	10묶음	
2	14	13	0	0	1	1	1	1	0	3000	//축복의보석		
2	14	16	0	0	1	1	1	1	0	4000	//생명의보석		
2	14	14	0	0	1	1	1	1	0	5000	//영혼의보석		
2	14	22	0	0	1	1	1	1	0	6000	//창조의보석		
2	12	15	0	0	1	1	1	1	0	7000	//혼돈의보석		
//검류											11		
2	0	18	0	0	1	1	1	1	0	5111	//선더블레이드		
2	0	17	0	0	1	1	1	1	0	5211	//다크브레이커		
2	0	31	0	0	1	1	1	1	0	6311	//데스브로드		
2	0	16	0	0	1	1	1	1	0	6411	//파괴의검		
2	0	14	0	0	1	1	1	1	0	6511	//번개검		
//도끼류											33		
2	1	8	0	0	1	1	1	1	0	12333	//반월도끼		
//둔기류											44		
2	2	5	0	0	1	1	1	1	0	12044	//크리스탈검		
2	2	7	0	0	1	1	1	1	0	12544	//엘리멘탈메이스		
2	2	4	0	0	1	1	1	1	0	12044	//크리스탈모닝스타		
//창류											66		
2	3	10	0	0	1	1	1	1	0	10566	//드라곤스피어		
2	3	9	0	0	1	1	1	1	0	12066	//발록의낫		
//방패류											77		
2	6	15	0	0	1	1	1	1	0	12577	//그랜드소울방패		
2	6	13	0	0	1	1	1	1	0	9077	//드라곤방패		
2	6	14	0	0	1	1	1	1	0	11177	//전설의방패		
2	6	16	0	0	1	1	1	1	0	11377	//엘리멘탈방패		
//활,석궁류											55		
2	4	19	0	0	1	1	1	1	0	9655	//그레이트레인석궁		
2	4	17	0	0	1	1	1	1	0	8755	//홀리사이트보우		
2	4	16	0	0	1	1	1	1	0	11163	//세인트크로스석궁		
2	4	14	0	0	1	1	1	1	0	12955	//아쿠아골드석궁		
2	4	13	0	0	1	1	1	1	0	12055	//블루윙석궁		
//지팡이류											22		
2	5	9	0	0	1	1	1	1	0	5022	//드래곤소울지팡이		
2	5	8	0	0	1	1	1	1	0	6122	//파멸의지팡이		
2	5	6	0	0	1	1	1	1	0	4222	//부활의지팡이		
2	5	5	0	0	1	1	1	1	0	6322	//전설의지팡이		
//서(소환술사 보조무기)											95		
2	5	22	0	0	1	1	1	1	0	15095	//닐의서		
2	5	21	0	0	1	1	1	1	0	15195	//사아무트의서		
2	5	23	0	0	1	1	1	1	0	15295	//라글의서		
//셉터류											88		
2	2	11	0	0	1	1	1	1	0	6788	//로드셉터		
2	2	10	0	0	1	1	1	1	0	7888	//그레이트셉터		
2	2	9	0	0	1	1	1	1	0	11988	//마스터셉터		
2	2	8	0	0	1	1	1	1	0	11088	//베틀셉터		
//스틱류											99		
2	5	18	0	0	1	1	1	1	0	10999	//데모닉스틱		
2	5	16	0	0	1	1	1	1	0	12099	//레드윙스틱		
//투구류											3		
2	7	17	0	0	1	1	1	1	0	8203	//다크피닉스투구		
2	7	16	0	0	1	1	1	1	0	8303	//블랙드라곤투구		
2	7	18	0	0	1	1	1	1	0	8503	//그랜드소울헬멧		
2	7	19	0	0	1	1	1	1	0	9403	//홀리스프릿헬멧		
2	7	42	0	0	1	1	1	1	0	8803	//데모닉헬멧		
2	7	41	0	0	1	1	1	1	0	8903	//에이션트헬멧		
2	7	26	0	0	1	1	1	1	0	9913	//다크소울마스크		
//갑옷류											1		
2	8	17	0	0	1	1	1	1	0	8201	//다크피닉스갑옷		
2	8	16	0	0	1	1	1	1	0	8301	//블랙드라곤갑옷		
2	8	18	0	0	1	1	1	1	0	8501	//그랜드소울갑옷		
2	8	19	0	0	1	1	1	1	0	9401	//홀리스프릿갑옷		
2	8	42	0	0	1	1	1	1	0	8811	//데모닉갑옷		
2	8	41	0	0	1	1	1	1	0	8901	//에이션트갑옷		
2	8	38	0	0	1	1	1	1	0	7801	//글로리어스갑옷		
2	8	27	0	0	1	1	1	1	0	7901	//다크브리즌갑옷		
2	8	26	0	0	1	1	1	1	0	9921	//다크소울갑옷		
2	8	37	0	0	1	1	1	1	0	7511	//발리언트갑옷		
2	8	15	0	0	1	1	1	1	0	7521	//아틀란스갑옷		
//바지류											2		
2	9	17	0	0	1	1	1	1	0	8202	//다크피닉스바지		
2	9	16	0	0	1	1	1	1	0	8302	//블랙드라곤바지		
2	9	18	0	0	1	1	1	1	0	8502	//그랜드소울바지		
2	9	19	0	0	1	1	1	1	0	9402	//홀리스프릿바지		
2	9	42	0	0	1	1	1	1	0	8812	//데모닉바지		
2	9	41	0	0	1	1	1	1	0	8902	//에이션트바지		
2	9	38	0	0	1	1	1	1	0	7802	//글로리어스바지		
2	9	27	0	0	1	1	1	1	0	7902	//다크브리즌바지		
2	9	26	0	0	1	1	1	1	0	9922	//다크소울바지		
2	9	37	0	0	1	1	1	1	0	7512	//발리언트바지		
2	9	15	0	0	1	1	1	1	0	7522	//아틀란스바지		
//장갑류											4		
2	10	17	0	0	1	1	1	1	0	8204	//다크피닉스장갑		
2	10	16	0	0	1	1	1	1	0	8304	//블랙드라곤장갑		
2	10	18	0	0	1	1	1	1	0	8504	//그랜드소울장갑		
2	10	19	0	0	1	1	1	1	0	9404	//홀리스프릿장갑		
2	10	42	0	0	1	1	1	1	0	8814	//데모닉장갑		
2	10	41	0	0	1	1	1	1	0	8904	//에이션트장갑		
2	10	38	0	0	1	1	1	1	0	7804	//글로리어스장갑		
2	10	27	0	0	1	1	1	1	0	7904	//다크브리즌장갑		
2	10	26	0	0	1	1	1	1	0	9924	//다크소울장갑		
2	10	37	0	0	1	1	1	1	0	7514	//발리언트장갑		
2	10	15	0	0	1	1	1	1	0	7524	//아틀란스장갑		
//부츠류											5		
2	11	17	0	0	1	1	1	1	0	8205	//다크피닉스부츠		
2	11	16	0	0	1	1	1	1	0	8305	//블랙드라곤부츠		
2	11	18	0	0	1	1	1	1	0	8505	//그랜드소울부츠		
2	11	19	0	0	1	1	1	1	0	9405	//홀리스프릿부츠		
2	11	42	0	0	1	1	1	1	0	8815	//데모닉부츠		
2	11	41	0	0	1	1	1	1	0	8905	//에이션트부츠		
2	11	38	0	0	1	1	1	1	0	7805	//글로리어스부츠		
2	11	27	0	0	1	1	1	1	0	7905	//다크브리즌부츠		
2	11	26	0	0	1	1	1	1	0	9925	//다크소울부츠		
2	11	37	0	0	1	1	1	1	0	7515	//발리언트부츠		
2	11	15	0	0	1	1	1	1	0	7525	//아틀란스부츠		
//세트아이템류													
2	11	0	0	0	0	1	1	0	1	4001	//청동부츠	하이페리온의	
2	9	0	0	0	0	1	1	0	1	4002	//청동바지	하이페리온의	미스트의
2	8	0	0	0	0	1	1	0	1	4003	//청동갑옷	하이페리온의	
2	7	0	0	0	0	1	1	0	1	4004	//청동투구		미스트의
2	10	0	0	0	0	1	1	0	1	4005	//청동장갑		미스트의
2	6	9	0	0	0	1	1	0	1	4006	//철판방패	이플리트의	
2	9	6	0	0	0	1	1	0	1	4007	//비늘바지	이플리트의	버서커의
2	7	6	0	0	0	1	1	0	1	4008	//비늘헬멧	이플리트의	버서커의
2	8	6	0	0	0	1	1	0	1	4009	//비늘갑옷	이플리트의	버서커의
2	13	12	0	0	0	1	1	0	1	4010	//번개의목걸이	이플리트의	
2	10	6	0	0	0	1	1	0	1	4011	//비늘장갑		버서커의
2	11	6	0	0	0	1	1	0	1	4012	//비늘부츠		버서커의
2	11	8	0	0	0	1	1	0	1	4013	//황동부츠	가루다의	
2	10	8	0	0	0	1	1	0	1	4014	//황동장갑	가루다의	
2	9	8	0	0	0	1	1	0	1	4015	//황동바지	가루다의	클라우드의
2	8	8	0	0	0	1	1	0	1	4016	//황동갑옷	가루다의	
2	13	13	0	0	0	1	1	0	1	4017	//불의목걸이	가루다의	
2	7	8	0	0	0	1	1	0	1	4018	//황동헬멧		클라우드의
2	11	9	0	0	0	1	1	0	1	4019	//철판부츠	칸타타의	
2	10	9	0	0	0	1	1	0	1	4020	//철판장갑	칸타타의	
2	8	9	0	0	0	1	1	0	1	4021	//철판갑옷	칸타타의	레이브의
2	13	23	0	0	0	1	1	0	1	4022	//바람의반지	칸타타의	
2	13	9	0	0	0	1	1	0	1	4023	//독의반지	칸타타의	
2	7	9	0	0	0	1	1	0	1	4024	//철판헬멧		레이브의
2	9	9	0	0	0	1	1	0	1	4025	//철판바지		레이브의
2	11	4	0	0	0	1	1	0	1	4026	//뼈부츠	에비스의	실리온의
2	9	4	0	0	0	1	1	0	1	4027	//뼈바지	에비스의	
2	8	4	0	0	0	1	1	0	1	4028	//뼈갑옷	에비스의	실리온의
2	13	26	0	0	0	1	1	0	1	4029	//바람의목걸이	에비스의	
2	7	4	0	0	0	1	1	0	1	4030	//뼈헬멧		실리온의
2	10	4	0	0	0	1	1	0	1	4031	//뼈장갑		실리온의
2	6	6	0	0	0	1	1	0	1	4032	//해골방패		
2	11	7	0	0	0	1	1	0	1	4033	//스핑크스부츠	헤라스의	미네의
2	10	7	0	0	0	1	1	0	1	4034	//스핑크스장갑	헤라스의	
2	9	7	0	0	0	1	1	0	1	4035	//스핑크스바지	헤라스의	미네의
2	8	7	0	0	0	1	1	0	1	4036	//스핑크스갑옷	헤라스의	미네의
2	7	7	0	0	0	1	1	0	1	4037	//스핑크스마스크	헤라스의	
2	10	11	0	0	0	1	1	0	1	4038	//실크장갑	가이아의	페이즈의
2	9	11	0	0	0	1	1	0	1	4039	//실크바지	가이아의	페이즈의
2	8	11	0	0	0	1	1	0	1	4040	//실크갑옷	가이아의	
2	7	11	0	0	0	1	1	0	1	4041	//실크헬멧	가이아의	
2	4	9	0	0	1	1	1	0	1	4042	//황금석궁	가이아의	
2	11	11	0	0	0	1	1	0	1	4043	//실크부츠		페이즈의
2	11	12	0	0	0	1	1	0	1	4044	//바람의부츠	오딘의	앨비안의
2	10	12	0	0	0	1	1	0	1	4045	//바람의장갑	오딘의	
2	9	12	0	0	0	1	1	0	1	4046	//바람의바지	오딘의	앨비안의
2	8	12	0	0	0	1	1	0	1	4047	//바람의갑옷	오딘의	
2	7	12	0	0	0	1	1	0	1	4048	//바람의헬멧	오딘의	
2	10	13	0	0	0	1	1	0	1	4049	//정령장갑	아르고의	
2	9	13	0	0	0	1	1	0	1	4050	//정령바지	아르고의	카리스의
2	8	13	0	0	0	1	1	0	1	4051	//정령갑옷	아르고의	
2	7	13	0	0	0	1	1	0	1	4052	//정령헬멧		카리스의
2	11	13	0	0	0	1	1	0	1	4053	//정령부츠		카리스의
//Rate 합계										1,000,000 	/1,000,000	0 	남은확률
//301~400 레벨													
//Level_index	Type	Index	MinLevel	MaxLevel	Skill	LuckOption	AddOption	ExOption	IsSetItem	Rate			
//보석류													
3	12	30	0	0	1	1	1	1	0	3000	//축복의보석묶음	10묶음	
3	12	31	0	0	1	1	1	1	0	6000	//영혼의보석묶음	10묶음	
3	14	13	0	0	1	1	1	1	0	12000	//축복의보석		
3	14	16	0	0	1	1	1	1	0	10000	//생명의보석		
3	14	14	0	0	1	1	1	1	0	15000	//영혼의보석		
3	14	22	0	0	1	1	1	1	0	18000	//창조의보석		
3	12	15	0	0	1	1	1	1	0	20000	//혼돈의보석		
//검류											11		
3	0	25	0	0	1	1	1	1	0	8011	//소드댄서		
3	0	24	0	0	1	1	1	1	0	8111	//데이브레이크		
3	0	18	0	0	1	1	1	1	0	8211	//선더블레이드		
3	0	17	0	0	1	1	1	1	0	8311	//다크브레이커		
3	0	31	0	0	1	1	1	1	0	11411	//데스브로드		
3	0	16	0	0	1	1	1	1	0	7511	//파괴의검		
//활,석궁류											55		
3	4	19	0	0	1	1	1	1	0	13155	//그레이트레인석궁		
3	4	17	0	0	1	1	1	1	0	13055	//홀리사이트보우		
//지팡이류											22		
3	5	9	0	0	1	1	1	1	0	9222	//드래곤소울지팡이		
3	5	8	0	0	1	1	1	1	0	11333	//파멸의지팡이		
3	5	6	0	0	1	1	1	1	0	6261	//부활의지팡이		
3	6	14	0	0	1	1	1	1	0	8177	//전설의방패		
//서(소환술사 보조무기)											96		
3	5	22	0	0	1	1	1	1	0	17096	//닐의서		
//셉터류											88		
3	2	11	0	0	1	1	1	1	0	15188	//로드셉터		
3	2	10	0	0	1	1	1	1	0	15088	//그레이트셉터		
//스틱류											99		
3	5	18	0	0	1	1	1	1	0	15099	//데모닉스틱		
//투구류											3		
3	7	17	0	0	0	1	1	1	0	10203	//다크피닉스투구		
3	7	16	0	0	0	1	1	1	0	10303	//블랙드라곤투구		
3	7	18	0	0	0	1	1	1	0	10503	//그랜드소울헬멧		
3	7	19	0	0	0	1	1	1	0	10403	//홀리스프릿헬멧		
3	7	42	0	0	0	1	1	1	0	10803	//데모닉헬멧		
3	7	41	0	0	0	1	1	1	0	10903	//에이션트헬멧		
3	8	38	0	0	0	1	1	1	0	9801	//글로리어스갑옷	다크로드	
3	8	27	0	0	0	1	1	1	0	10911	//다크브리즌갑옷	다크로드	
3	7	26	0	0	0	1	1	1	0	10903	//다크소울마스크	다크로드	
//갑옷류											1		
3	8	17	0	0	0	1	1	1	0	10201	//다크피닉스갑옷		
3	8	16	0	0	0	1	1	1	0	10301	//블랙드라곤갑옷		
3	8	18	0	0	0	1	1	1	0	10501	//그랜드소울갑옷		
3	8	19	0	0	0	1	1	1	0	10401	//홀리스프릿갑옷		
3	8	42	0	0	0	1	1	1	0	10801	//데모닉갑옷		
3	8	41	0	0	0	1	1	1	0	10901	//에이션트갑옷		
3	8	38	0	0	0	1	1	1	0	9801	//글로리어스갑옷	다크로드	
3	8	27	0	0	0	1	1	1	0	10911	//다크브리즌갑옷	다크로드	
3	8	26	0	0	0	1	1	1	0	10921	//다크소울갑옷	다크로드	
3	8	37	0	0	0	1	1	1	0	9501	//발리언트갑옷	마검사	
3	8	15	0	0	0	1	1	1	0	10511	//아틀란스갑옷	마검사	
//바지류											2		
3	9	17	0	0	0	1	1	1	0	10202	//다크피닉스바지		
3	9	16	0	0	0	1	1	1	0	10302	//블랙드라곤바지		
3	9	18	0	0	0	1	1	1	0	10502	//그랜드소울바지		
3	9	19	0	0	0	1	1	1	0	10402	//홀리스프릿바지		
3	9	42	0	0	0	1	1	1	0	10802	//데모닉바지		
3	9	41	0	0	0	1	1	1	0	10902	//에이션트바지		
3	9	38	0	0	0	1	1	1	0	9802	//글로리어스바지	다크로드	
3	9	27	0	0	0	1	1	1	0	10912	//다크브리즌바지	다크로드	
3	9	26	0	0	0	1	1	1	0	10922	//다크소울바지	다크로드	
3	9	37	0	0	0	1	1	1	0	9502	//발리언트바지	마검사	
3	9	15	0	0	0	1	1	1	0	10512	//아틀란스바지	마검사	
//장갑류											4		
3	10	17	0	0	0	1	1	1	0	10204	//다크피닉스장갑		
3	10	16	0	0	0	1	1	1	0	10304	//블랙드라곤장갑		
3	10	18	0	0	0	1	1	1	0	10504	//그랜드소울장갑		
3	10	19	0	0	0	1	1	1	0	10404	//홀리스프릿장갑		
3	10	42	0	0	0	1	1	1	0	10804	//데모닉장갑		
3	10	41	0	0	0	1	1	1	0	10904	//에이션트장갑		
3	10	38	0	0	0	1	1	1	0	9804	//글로리어스장갑	다크로드	
3	10	27	0	0	0	1	1	1	0	10914	//다크브리즌장갑	다크로드	
3	10	26	0	0	0	1	1	1	0	10924	//다크소울장갑	다크로드	
3	10	37	0	0	0	1	1	1	0	9504	//발리언트장갑	마검사	
3	10	15	0	0	0	1	1	1	0	10514	//아틀란스장갑	마검사	
//부츠류											5		
3	11	17	0	0	0	1	1	1	0	10205	//다크피닉스부츠		
3	11	16	0	0	0	1	1	1	0	10305	//블랙드라곤부츠		
3	11	18	0	0	0	1	1	1	0	10505	//그랜드소울부츠		
3	11	19	0	0	0	1	1	1	0	10405	//홀리스프릿부츠		
3	11	42	0	0	0	1	1	1	0	10805	//데모닉부츠		
3	11	41	0	0	0	1	1	1	0	10905	//에이션트부츠		
3	11	38	0	0	0	1	1	1	0	9805	//글로리어스부츠	다크로드	
3	11	27	0	0	0	1	1	1	0	10915	//다크브리즌부츠	다크로드	
3	11	26	0	0	0	1	1	1	0	10925	//다크소울부츠	다크로드	
3	11	37	0	0	0	1	1	1	0	9505	//발리언트부츠	마검사	
3	11	15	0	0	0	1	1	1	0	10515	//아틀란스부츠	마검사	
//세트아이템류													
3	11	9	0	0	0	1	1	0	1	4019	//철판부츠	칸타타의	
3	10	9	0	0	0	1	1	0	1	4020	//철판장갑	칸타타의	
3	8	9	0	0	0	1	1	0	1	4021	//철판갑옷	칸타타의	레이브의
3	13	23	0	0	0	1	1	0	1	4022	//바람의반지	칸타타의	
3	13	9	0	0	0	1	1	0	1	4023	//독의반지	칸타타의	
3	7	9	0	0	0	1	1	0	1	4024	//철판헬멧		레이브의
3	9	9	0	0	0	1	1	0	1	4025	//철판바지		레이브의
3	11	7	0	0	0	1	1	0	1	4033	//스핑크스부츠	헤라스의	미네의
3	10	7	0	0	0	1	1	0	1	4034	//스핑크스장갑	헤라스의	
3	9	7	0	0	0	1	1	0	1	4035	//스핑크스바지	헤라스의	미네의
3	8	7	0	0	0	1	1	0	1	4036	//스핑크스갑옷	헤라스의	미네의
3	7	7	0	0	0	1	1	0	1	4037	//스핑크스마스크	헤라스의	
3	10	13	0	0	0	1	1	0	1	4049	//정령장갑	아르고의	
3	9	13	0	0	0	1	1	0	1	4050	//정령바지	아르고의	카리스의
3	8	13	0	0	0	1	1	0	1	4051	//정령갑옷	아르고의	
3	7	13	0	0	0	1	1	0	1	4052	//정령헬멧		카리스의
3	11	13	0	0	0	1	1	0	1	4053	//정령부츠		카리스의
3	11	1	0	0	0	1	1	0	1	4026	//드라곤부츠	하이온의	
3	10	1	0	0	0	1	1	0	1	4025	//드라곤장갑	하이온의	
3	7	1	0	0	0	1	1	0	1	4024	//드라곤투구	하이온의	비셔스의
3	0	14	0	0	1	1	1	0	1	4023	//번개검	하이온의	
3	9	1	0	0	0	1	1	0	1	4022	//드라곤바지		비셔스의
3	8	1	0	0	0	1	1	0	1	4021	//드라곤갑옷		비셔스의
3	13	22	0	0	0	1	1	0	1	4020	//땅의반지		비셔스의
3	10	3	0	0	0	1	1	0	1	4019	//전설의장갑	아누비스의	
3	8	3	0	0	0	1	1	0	1	4018	//전설의갑옷	아누비스의	이시스의
3	7	3	0	0	0	1	1	0	1	4017	//전설의헬멧	아누비스의	이시스의
3	13	21	0	0	0	1	1	0	1	4016	//불의반지	아누비스의	
3	11	3	0	0	0	1	1	0	1	4015	//전설의부츠		이시스의
3	9	3	0	0	0	1	1	0	1	4014	//전설의바지		이시스의
3	11	14	0	0	0	1	1	0	1	6013	//수호부츠	가이웬의	아루안의
3	10	14	0	0	0	1	1	0	1	6012	//수호장갑	가이웬의	
3	8	14	0	0	0	1	1	0	1	6011	//수호갑옷	가이웬의	아루안의
3	4	5	0	0	1	1	1	0	1	6010	//실버보우	가이웬의	
3	13	28	0	0	0	1	1	0	1	6009	//기술의목걸이	가이웬의	
3	9	14	0	0	0	1	1	0	1	6008	//수호바지		아루안의
3	7	14	0	0	0	1	1	0	1	6007	//수호헬멧		아루안의
3	11	15	0	0	0	1	1	0	1	4006	//아틀란스부츠	가이온의	
3	9	15	0	0	0	1	1	0	1	4005	//아틀란스바지	가이온의	뮤렌의
3	8	15	0	0	0	1	1	0	1	4004	//아틀란스갑옷	가이온의	뮤렌의
3	13	27	0	0	0	1	1	0	1	4003	//물의목걸이	가이온의	
3	10	15	0	0	0	1	1	0	1	4002	//아틀란스장갑		뮤렌의
3	13	21	0	0	0	1	1	0	1	4001	//불의반지		뮤렌의
//Rate 합계		엑설런트 및 보석류>>	813,065 		세트류 합계>>	118,351 				1,000,000 	/1,000,000	0 	남은확률
//401~600 레벨													
//Level_index	Type	Index	MinLevel	MaxLevel	Skill	LuckOption	AddOption	ExOption	IsSetItem	Rate			
//보석류													
4	12	30	0	0	1	1	1	1	0	8000	//축복의보석묶음	10묶음	
4	12	31	0	0	1	1	1	1	0	10000	//영혼의보석묶음	10묶음	
4	14	13	0	0	1	1	1	1	0	14000	//축복의보석		
4	14	16	0	0	1	1	1	1	0	12000	//생명의보석		
4	14	14	0	0	1	1	1	1	0	17000	//영혼의보석		
4	14	22	0	0	1	1	1	1	0	19000	//창조의보석		
4	12	15	0	0	1	1	1	1	0	20000	//혼돈의보석		
//검류											11		
4	0	21	0	0	1	1	1	1	0	4311	//데스블레이드		
4	0	20	0	0	1	1	1	1	0	4411	//나이트블레이드		
4	0	25	0	0	1	1	1	1	0	7511	//소드댄서		
4	0	24	0	0	1	1	1	1	0	7611	//데이브레이크		
4	0	18	0	0	1	1	1	1	0	7711	//선더블레이드		
4	0	17	0	0	1	1	1	1	0	8811	//다크브레이커		
4	0	31	0	0	1	1	1	1	0	7911	//데스브로드		
4	0	16	0	0	1	1	1	1	0	5011	//파괴의검		
//활,석궁류											55		
4	4	19	0	0	1	1	1	1	0	10155	//그레이트레인석궁		
4	4	17	0	0	1	1	1	1	0	10055	//홀리사이트보우		
//지팡이류											22		
4	5	9	0	0	1	1	1	1	0	7222	//드래곤소울지팡이		
4	5	8	0	0	1	1	1	1	0	11122	//파멸의지팡이		
4	5	6	0	0	1	1	1	1	0	6022	//부활의지팡이		
//서(소환술사 보조무기)											96		
4	5	22	0	0	1	1	1	1	0	11096	//닐의서		
//셉터류											88		
4	2	11	0	0	1	1	1	1	0	11188	//로드셉터		
4	2	10	0	0	1	1	1	1	0	11088	//그레이트셉터		
//스틱류											99		
4	5	18	0	0	1	1	1	1	0	12410	//데모닉스틱		
//투구류											3		
4	7	17	0	0	0	1	1	1	0	9203	//다크피닉스투구		
4	7	18	0	0	0	1	1	1	0	9503	//그랜드소울헬멧		
4	7	19	0	0	0	1	1	1	0	9403	//홀리스프릿헬멧		
4	7	42	0	0	0	1	1	1	0	9803	//데모닉헬멧		
4	7	41	0	0	0	1	1	1	0	9903	//에이션트헬멧		
4	7	38	0	0	0	1	1	1	0	9803	//글로리어스마스크		
4	7	27	0	0	0	1	1	1	0	9903	//다크브리즌마스크		
//갑옷류											1		
4	8	17	0	0	0	1	1	1	0	9201	//다크피닉스갑옷		
4	8	18	0	0	0	1	1	1	0	9501	//그랜드소울갑옷		
4	8	19	0	0	0	1	1	1	0	9401	//홀리스프릿갑옷		
4	8	42	0	0	0	1	1	1	0	9801	//데모닉갑옷		
4	8	41	0	0	0	1	1	1	0	9901	//에이션트갑옷		
4	8	38	0	0	0	1	1	1	0	9801	//글로리어스갑옷		
4	8	27	0	0	0	1	1	1	0	9901	//다크브리즌갑옷		
4	8	37	0	0	0	1	1	1	0	9501	//발리언트갑옷	마검사	
//바지류											2		
4	9	17	0	0	0	1	1	1	0	9202	//다크피닉스바지		
4	9	18	0	0	0	1	1	1	0	9502	//그랜드소울바지		
4	9	19	0	0	0	1	1	1	0	9402	//홀리스프릿바지		
4	9	42	0	0	0	1	1	1	0	9802	//데모닉바지		
4	9	41	0	0	0	1	1	1	0	9902	//에이션트바지		
4	9	38	0	0	0	1	1	1	0	9802	//글로리어스바지		
4	9	27	0	0	0	1	1	1	0	9902	//다크브리즌바지		
4	9	37	0	0	0	1	1	1	0	9502	//발리언트바지	마검사	
//장갑류											4		
4	10	17	0	0	0	1	1	1	0	9204	//다크피닉스장갑		
4	10	18	0	0	0	1	1	1	0	9504	//그랜드소울장갑		
4	10	19	0	0	0	1	1	1	0	9404	//홀리스프릿장갑		
4	10	42	0	0	0	1	1	1	0	9804	//데모닉장갑		
4	10	41	0	0	0	1	1	1	0	9904	//에이션트장갑		
4	10	38	0	0	0	1	1	1	0	9804	//글로리어스장갑		
4	10	27	0	0	0	1	1	1	0	9904	//다크브리즌장갑		
4	10	37	0	0	0	1	1	1	0	9504	//발리언트장갑	마검사	
//부츠류											5		
4	11	17	0	0	0	1	1	1	0	9205	//다크피닉스부츠		
4	11	18	0	0	0	1	1	1	0	9505	//그랜드소울부츠		
4	11	19	0	0	0	1	1	1	0	9405	//홀리스프릿부츠		
4	11	42	0	0	0	1	1	1	0	9805	//데모닉부츠		
4	11	41	0	0	0	1	1	1	0	9905	//에이션트부츠		
4	11	38	0	0	0	1	1	1	0	9805	//글로리어스부츠		
4	11	27	0	0	0	1	1	1	0	9905	//다크브리즌부츠		
4	11	37	0	0	0	1	1	1	0	9505	//발리언트부츠	마검사	
//380아이템류											90		
4	0	22	0	0	1	1	1	0	0	6091	//본블레이드		
4	0	23	0	0	1	1	1	0	0	6092	//익스플로전블레이드		
4	2	14	0	0	1	1	1	0	0	6092	//솔레이유셉터		
4	4	21	0	0	1	1	1	0	0	6093	//실프윈드보우		
4	5	12	0	0	0	1	1	0	0	6094	//그랜드바이퍼지팡이		
4	5	19	0	0	0	1	1	0	0	8090	//스톰블리츠스틱		
4	7	29	0	0	0	1	1	0	0	6090	//드래곤나이트투구		
4	8	29	0	0	0	1	1	0	0	6090	//드래곤나이트갑옷		
4	9	29	0	0	0	1	1	0	0	6090	//드래곤나이트바지		
4	10	29	0	0	0	1	1	0	0	6090	//드래곤나이트장갑		
4	11	29	0	0	0	1	1	0	0	6090	//드래곤나이트부츠		
4	7	30	0	0	0	1	1	0	0	6090	//베놈미스트헬멧		
4	8	30	0	0	0	1	1	0	0	6090	//베놈미스트갑옷		
4	9	30	0	0	0	1	1	0	0	6090	//베놈미스트바지		
4	10	30	0	0	0	1	1	0	0	6090	//베놈미스트장갑		
4	11	30	0	0	0	1	1	0	0	6090	//베놈미스트부츠		
4	7	31	0	0	0	1	1	0	0	6090	//실피드레이헬멧		
4	8	31	0	0	0	1	1	0	0	6090	//실피드레이갑옷		
4	9	31	0	0	0	1	1	0	0	6090	//실피드레이바지		
4	10	31	0	0	0	1	1	0	0	6090	//실피드레이장갑		
4	11	31	0	0	0	1	1	0	0	6090	//실피드레이부츠		
4	7	33	0	0	0	1	1	0	0	6090	//썬라이트마스크		
4	8	33	0	0	0	1	1	0	0	6090	//썬라이트갑옷		
4	9	33	0	0	0	1	1	0	0	6090	//썬라이트바지		
4	10	33	0	0	0	1	1	0	0	6090	//썬라이트장갑		
4	11	33	0	0	0	1	1	0	0	6090	//썬라이트부츠		
4	7	43	0	0	0	1	1	0	0	6090	//스톰블리츠헬멧		
4	8	43	0	0	0	1	1	0	0	6090	//스톰블리츠갑옷		
4	9	43	0	0	0	1	1	0	0	6090	//스톰블리츠바지		
4	10	43	0	0	0	1	1	0	0	6090	//스톰블리츠장갑		
4	11	43	0	0	0	1	1	0	0	6090	//스톰블리츠부츠		
//세트아이템류													
4	11	9	0	0	0	1	1	0	1	5019	//철판부츠	칸타타의	
4	10	9	0	0	0	1	1	0	1	5020	//철판장갑	칸타타의	
4	8	9	0	0	0	1	1	0	1	5021	//철판갑옷	칸타타의	레이브의
4	13	23	0	0	0	1	1	0	1	5022	//바람의반지	칸타타의	
4	13	9	0	0	0	1	1	0	1	5023	//독의반지	칸타타의	
4	7	9	0	0	0	1	1	0	1	5024	//철판헬멧		레이브의
4	9	9	0	0	0	1	1	0	1	5025	//철판바지		레이브의
4	11	7	0	0	0	1	1	0	1	5033	//스핑크스부츠	헤라스의	미네의
4	10	7	0	0	0	1	1	0	1	5034	//스핑크스장갑	헤라스의	
4	9	7	0	0	0	1	1	0	1	5035	//스핑크스바지	헤라스의	미네의
4	8	7	0	0	0	1	1	0	1	5036	//스핑크스갑옷	헤라스의	미네의
4	7	7	0	0	0	1	1	0	1	5037	//스핑크스마스크	헤라스의	
4	10	13	0	0	0	1	1	0	1	5049	//정령장갑	아르고의	
4	9	13	0	0	0	1	1	0	1	5050	//정령바지	아르고의	카리스의
4	8	13	0	0	0	1	1	0	1	5051	//정령갑옷	아르고의	
4	7	13	0	0	0	1	1	0	1	5052	//정령헬멧		카리스의
4	11	13	0	0	0	1	1	0	1	5053	//정령부츠		카리스의
4	11	1	0	0	0	1	1	0	1	4026	//드라곤부츠	하이온의	
4	10	1	0	0	0	1	1	0	1	4025	//드라곤장갑	하이온의	
4	7	1	0	0	0	1	1	0	1	4024	//드라곤투구	하이온의	비셔스의
4	0	14	0	0	0	1	1	0	1	4023	//번개검	하이온의	
4	9	1	0	0	0	1	1	0	1	4022	//드라곤바지		비셔스의
4	8	1	0	0	0	1	1	0	1	4021	//드라곤갑옷		비셔스의
4	13	22	0	0	0	1	1	0	1	4020	//땅의반지		비셔스의
4	10	3	0	0	0	1	1	0	1	4019	//전설의장갑	아누비스의	
4	8	3	0	0	0	1	1	0	1	4018	//전설의갑옷	아누비스의	이시스의
4	7	3	0	0	0	1	1	0	1	4017	//전설의헬멧	아누비스의	이시스의
4	13	21	0	0	0	1	1	0	1	4016	//불의반지	아누비스의	
4	11	3	0	0	0	1	1	0	1	4015	//전설의부츠		이시스의
4	9	3	0	0	0	1	1	0	1	4014	//전설의바지		이시스의
4	11	14	0	0	0	1	1	0	1	4013	//수호부츠	가이웬의	아루안의
4	10	14	0	0	0	1	1	0	1	4012	//수호장갑	가이웬의	
4	8	14	0	0	0	1	1	0	1	4011	//수호갑옷	가이웬의	아루안의
4	4	5	0	0	0	1	1	0	1	4010	//실버보우	가이웬의	
4	13	28	0	0	0	1	1	0	1	4009	//기술의목걸이	가이웬의	
4	9	14	0	0	0	1	1	0	1	4008	//수호바지		아루안의
4	7	14	0	0	0	1	1	0	1	4007	//수호헬멧		아루안의
4	11	15	0	0	0	1	1	0	1	4006	//아틀란스부츠	가이온의	
4	9	15	0	0	0	1	1	0	1	4005	//아틀란스바지	가이온의	뮤렌의
4	8	15	0	0	0	1	1	0	1	4004	//아틀란스갑옷	가이온의	뮤렌의
4	13	27	0	0	0	1	1	0	1	4003	//물의목걸이	가이온의	
4	10	15	0	0	0	1	1	0	1	4002	//아틀란스장갑		뮤렌의
4	13	21	0	0	0	1	1	0	1	4001	//불의반지		뮤렌의
//Rate 합계		엑설런트 및 보석류>>	810,065 		세트류 합계>>	189,935 				1,000,000 	/1,000,000	0 	남은확률
end													
//3. 젠 - 함께 드랍되는 젠 설정													
//Index	drop_zen												
2													
0	100000												
1	200000												
2	300000												
3	400000												
4	500000												
//5													
//6													
//7													
//8													
//9													
end													
//4. 드랍 갯수 지정 - 최대 드랍 개수 지정													
//Level_index	DropCount												
3													
0	1												
1	1												
2	2												
3	2												
4	2												
//5													
//6													
//7													
//8													
//9													
end													
// 엑설런트 아이템 옵션이 갯수마다 붙을 확률 n/1000000 2개 or 1개													
//엑설런트 옵션이 2개 붙을 확률 : 100000/1000000													
//rate													
4													
100000		//옵션이 2개 붙을 확률											
end													
end													
													
													
													
													
													
													
													
													
													
													
													
													
													
													
													
													
													
													
													
													
													
													
