// Text Ver. 0.0.0.2																			
// Version 0.99y  - T서버																			
// Version 0.99y  - M서버																			
// 최종 작업자 - 김서영																			
// 최종 작업일 - 2009-05-09  3:54:49 PM																			
// 내용: 보라혼돈의상자 아이템백 제작 (eventitembag40) 일본요청 리뉴얼																			
//드롭가능맵 설정																			
0																			
//	MapIndex	Drop Flag	Min Monster Level	Max MonsterLevel															
	0	0	0	1000	//로랜시아														
	1	0	0	1000	//던전														
	2	0	0	1000	//데비아스														
	3	0	0	1000	//노리아														
	4	0	0	1000	//로스트타워														
	5	0	0	1000	//빈공간														
	6	0	0	1000	//경기장(배틀사커)														
	7	0	0	1000	//아틀란스														
	8	0	0	1000	//타르칸														
	9	0	0	1000	//악마의광장														
	10	0	0	1000	//이카루스														
end																			
																			
//드롭젠 및 아이템드롭 확률																			
//이벤트아이템 드롭 확률은 EventItemDropRate/1000																			
//아이템드롭 확률은 ItemDropRate/100. ExItemDropRate/1000																			
1																			
//	EventName	DropZen	EventItemType	EventItemIndex	EventItemLevel	EventItemDropRate	ItemDropRate	ExItemDropRate											
	"PCBangGage_V"	300000	0	0	0	0	1000	0											
end																			
																			
//skill. luck. addtoption 의 값이 1이면 랜덤으로 적용. 0이면 적용안함 																			
2																			
//	type	index	minLevel	maxLevel	skill	luck	addoption	exitemflag											
//2009년 5월 일 ~																			
//획득확률 : 1500/10000																			
1500																			
	0	16	6	8	1	1	1	0	//파괴의검										
	0	17	6	8	1	1	1	0	//다크브레이커										
	4	16	6	8	1	1	1	0	//세인트크로스석궁										
	5	6	6	8	1	1	1	0	//부활의지팡이										
	5	8	6	8	1	1	1	0	//파멸의지팡이										
	5	17	6	8	1	1	1	0	//에이션트스틱										
	0	18	6	8	1	1	1	0	//선더블레이드										
	2	10	6	8	1	1	1	0	//그레이트셉터										
end																			
//획득확률 : 2700/10000																			
2700																			
	7	18	6	9	0	1	1	0	//그랜드소울헬멧										
	8	18	6	9	0	1	1	0	//그랜드소울갑옷										
	9	18	6	9	0	1	1	0	//그랜드소울바지										
	10	18	6	9	0	1	1	0	//그랜드소울장갑										
	11	18	6	9	0	1	1	0	//그랜드소울부츠										
	8	20	6	9	0	1	1	0	//선더호크갑옷										
	9	20	6	9	0	1	1	0	//선더호크바지										
	10	20	6	9	0	1	1	0	//선더호크장갑										
	11	20	6	9	0	1	1	0	//선더호크부츠										
	7	17	6	9	0	1	1	0	//다크피닉스투구										
	8	17	6	9	0	1	1	0	//다크피닉스갑옷										
	9	17	6	9	0	1	1	0	//다크피닉스바지										
	10	17	6	9	0	1	1	0	//다크피닉스장갑										
	11	17	6	9	0	1	1	0	//다크피닉스부츠										
	7	19	6	9	0	1	1	0	//홀리스프릿헬멧										
	8	19	6	9	0	1	1	0	//홀리스프릿갑옷										
	9	19	6	9	0	1	1	0	//홀리스프릿바지										
	10	19	6	9	0	1	1	0	//홀리스프릿장갑										
	11	19	6	9	0	1	1	0	//홀리스프릿부츠										
	7	38	6	9	0	1	1	0	//글로리어스마스크										
	8	38	6	9	0	1	1	0	//글로리어스갑옷										
	9	38	6	9	0	1	1	0	//글로리어스바지										
	10	38	6	9	0	1	1	0	//글로리어스장갑										
	11	38	6	9	0	1	1	0	//글로리어스부츠										
	7	41	6	9	0	1	1	0	//에이션트헬멧										
	8	41	6	9	0	1	1	0	//에이션트갑옷										
	9	41	6	9	0	1	1	0	//에이션트바지										
	10	41	6	9	0	1	1	0	//에이션트장갑										
	11	41	6	9	0	1	1	0	//에이션트부츠										
end																			
//획득확률 : 600/10000																			
600																			
	6	15	6	9	0	1	1	0	//그랜드소울방패										
	6	16	6	9	0	1	1	0	//엘리멘탈방패										
end																			
//획득확률 : 500/10000																			
500																			
	5	5	0	0	0	1	1	1	//전설의지팡이										
	3	9	0	0	0	1	1	1	//발록의낫										
	4	5	0	0	0	1	1	1	//실버보우										
	0	14	0	0	0	1	1	1	//번개검										
	2	5	0	0	0	1	1	1	//크리스탈검										
	2	9	0	0	0	1	1	1	//마스터셉터										
	4	13	0	0	0	1	1	1	//블루윙석궁										
	5	15	0	0	0	1	1	1	//바이올렌윈드스틱										
end																			
//획득확률 : 500/10000																			
500																			
	7	34	0	0	0	1	1	1	//애쉬크로우헬멧										
	8	34	0	0	0	1	1	1	//애쉬크로우갑옷										
	9	34	0	0	0	1	1	1	//애쉬크로우바지										
	10	34	0	0	0	1	1	1	//애쉬크로우장갑										
	11	34	0	0	0	1	1	1	//애쉬크로우부츠										
	7	36	0	0	0	1	1	1	//아이리스헬멧										
	8	36	0	0	0	1	1	1	//아이리스갑옷										
	9	36	0	0	0	1	1	1	//아이리스바지										
	10	36	0	0	0	1	1	1	//아이리스장갑										
	11	36	0	0	0	1	1	1	//아이리스부츠										
	7	35	0	0	0	1	1	1	//이클립스헬멧										
	8	35	0	0	0	1	1	1	//이클립스갑옷										
	9	35	0	0	0	1	1	1	//이클립스바지										
	10	35	0	0	0	1	1	1	//이클립스장갑										
	11	35	0	0	0	1	1	1	//이클립스부츠										
	7	26	0	0	0	1	1	1	//다크소울마스크										
	8	26	0	0	0	1	1	1	//다크소울갑옷										
	9	26	0	0	0	1	1	1	//다크소울바지										
	10	26	0	0	0	1	1	1	//다크소울장갑										
	11	26	0	0	0	1	1	1	//다크소울부츠										
	7	41	0	0	0	1	1	1	//에이션트헬멧										
	8	41	0	0	0	1	1	1	//에이션트갑옷										
	9	41	0	0	0	1	1	1	//에이션트바지										
	10	41	0	0	0	1	1	1	//에이션트장갑										
	11	41	0	0	0	1	1	1	//에이션트부츠										
	8	15	0	0	0	1	1	1	//아틀란스갑옷										
	9	15	0	0	0	1	1	1	//아틀란스바지										
	10	15	0	0	0	1	1	1	//아틀란스장갑										
	11	15	0	0	0	1	1	1	//아틀란스부츠										
end																			
//획득확률 : 200/10000																			
200																			
	6	13	0	0	0	1	1	1	//드라곤방패										
	6	14	0	0	0	1	1	1	//전설의방패										
end																			
//획득확률 : 300/10000																			
300																			
	14	13	0	0	0	0	0	0	//축복의보석										
	14	14	0	0	0	0	0	0	//영혼의보석										
	14	22	0	0	0	0	0	0	//창조의보석										
	14	42	0	0	0	0	0	0	//조화의보석										
	14	16	0	0	0	0	0	0	//생명의보석										
end																			
//획득확률 : 500/10000																			
500																			
	14	19	5	7	0	0	0	0	//데빌스퀘어초대권										
	13	18	6	8	0	0	0	0	//투명망토										
	14	28	7	8	0	0	0	0	//잃어버린지도										
	13	51	3	5	0	0	0	0	//피의두루마리										
end																			
end