//////////////////////////////////////////////////////////////////////////////////////																						
// EventItemBag23																						
//	[ Version ]	0.0.0.4																				
//	[ Author ]	이민정																				
//	[ Latest ]	2007-12-03 10:13																				
//	[ Text ]	크리스마스 이벤트 (국내용)_파란상자																				
//////////////////////////////////////////////////////////////////////////////////////																						
//드롭가능맵 설정																						
0																						
//	MapIndex	Drop Flag	Min Monster Level	Max MonsterLevel																		
	0	0	0	1000	//로랜시아																	
	1	0	0	1000	//던전																	
	2	0	0	1000	//데비아스																	
	3	0	0	1000	//노리아																	
	4	0	0	1000	//로스트타워																	
	5	0	0	1000	//빈공간																	
	6	0	0	1000	//경기장(배틀사커)																	
	7	0	0	1000	//아틀란스																	
	8	0	0	1000	//타르칸																	
	9	0	0	1000	//악마의광장																	
	10	0	0	1000	//이카루스																	
end																						
																						
//드롭젠 및 아이템드롭 확률																						
//이벤트아이템 드롭 확률은 EventItemDropRate/1000																						
//아이템드롭 확률은 ItemDropRate/100/ ExItemDropRate/1000																						
1																						
//	EventName	DropZen	EventItemType	EventItemIndex	EventItemLevel	EventItemDropRate	ItemDropRate	ExItemDropRate														
	"None"	90000	0	0	0	0	100	10														
end																						
																						
//skill/ luck/ addtoption 의 값이 1이면 랜덤으로 적용/ 0이면 적용안함 																						
2																						
//	type	index	minLevel	maxLevel	skill	luck	addoption	exitemflag														
//2007년 12월 06일~ 이벤트 기간 동안 적용																						
//일반 무기류																						
	0	16	4	6	1	1	1	0	//파괴의검													
	2	10	4	6	1	1	1	0	//그레이트셉터													
	4	16	4	6	1	1	1	0	//세인트크로스석궁													
	5	6	4	6	1	1	1	0	//부활의지팡이													
	5	8	3	5	1	1	1	0	//파멸의지팡이													
//일반 방어구류																						
	7	17	4	6	0	1	1	0	//다크피닉스투구													
	8	17	4	6	0	1	1	0	//다크피닉스갑옷													
	9	17	4	6	0	1	1	0	//다크피닉스바지													
	10	17	4	6	0	1	1	0	//다크피닉스장갑													
	11	17	4	6	0	1	1	0	//다크피닉스부츠													
	7	19	4	6	0	1	1	0	//홀리스프릿헬멧													
	8	19	4	6	0	1	1	0	//홀리스프릿갑옷													
	9	19	4	6	0	1	1	0	//홀리스프릿바지													
	10	19	4	6	0	1	1	0	//홀리스프릿장갑													
	11	19	4	6	0	1	1	0	//홀리스프릿부츠													
	7	18	4	6	0	1	1	0	//그랜드소울헬멧													
	8	18	4	6	0	1	1	0	//그랜드소울갑옷													
	9	18	4	6	0	1	1	0	//그랜드소울바지													
	10	18	4	6	0	1	1	0	//그랜드소울장갑													
	11	18	4	6	0	1	1	0	//그랜드소울부츠													
	8	20	4	6	0	1	1	0	//선더호크갑옷													
	9	20	4	6	0	1	1	0	//선더호크바지													
	10	20	4	6	0	1	1	0	//선더호크장갑													
	11	20	4	6	0	1	1	0	//선더호크부츠													
	7	27	4	6	0	1	1	0	//다크브리즌마스크													
	8	27	4	6	0	1	1	0	//다크브리즌갑옷													
	9	27	4	6	0	1	1	0	//다크브리즌바지													
	10	27	4	6	0	1	1	0	//다크브리즌장갑													
	11	27	4	6	0	1	1	0	//다크브리즌부츠													
//엑설런트 무기류																						
	0	14	0	0	1	1	1	1	//번개검													
	2	5	0	0	1	1	1	1	//크리스탈검													
	2	9	0	0	1	1	1	1	//마스터셉터													
	4	14	0	0	1	1	1	1	//아쿠아골드석궁													
	5	5	0	0	1	1	1	1	//전설의지팡이													
	4	16	0	0	1	1	1	1	//세인트크로스석궁													
//엑설런트 방어구류																						
	7	1	0	0	0	1	1	1	//드라곤투구													
	8	1	0	0	0	1	1	1	//드라곤갑옷													
	9	1	0	0	0	1	1	1	//드라곤바지													
	10	1	0	0	0	1	1	1	//드라곤장갑													
	11	1	0	0	0	1	1	1	//드라곤부츠													
	7	14	0	0	0	1	1	1	//수호헬멧													
	8	14	0	0	0	1	1	1	//수호갑옷													
	9	14	0	0	0	1	1	1	//수호바지													
	10	14	0	0	0	1	1	1	//수호장갑													
	11	14	0	0	0	1	1	1	//수호부츠													
	7	3	0	0	0	1	1	1	//전설의헬멧													
	8	3	0	0	0	1	1	1	//전설의갑옷													
	9	3	0	0	0	1	1	1	//전설의바지													
	10	3	0	0	0	1	1	1	//전설의장갑													
	11	3	0	0	0	1	1	1	//전설의부츠													
	7	26	0	0	0	1	1	1	//다크소울마스크													
	8	26	0	0	0	1	1	1	//다크소울갑옷													
	9	26	0	0	0	1	1	1	//다크소울바지													
	10	26	0	0	0	1	1	1	//다크소울장갑													
	11	26	0	0	0	1	1	1	//다크소울부츠													
//엑설런트 방패류																						
	6	13	0	0	1	1	1	1	//드라곤방패													
	6	14	0	0	1	1	1	1	//전설의방패													
//엑설런트 액세서리류																						
	13	8	0	0	0	1	1	1	//얼음의반지													
	13	9	0	0	0	1	1	1	//독의반지													
	13	12	0	0	0	1	1	1	//번개의목걸이													
	13	13	0	0	0	1	1	1	//불의목걸이													
// 보석류																						
// 입장권																						
//	14	19	6	6	0	0	0	0	//데빌스퀘어초대권													
//	13	18	7	7	0	0	0	0	//투명망토													
//	14	28	7	7	0	0	0	0	//잃어버린지도													
//	13	51	4	5	0	0	0	0	//피의두루마리													
	14	13	0	0	0	0	0	0	//축복의보석													
	14	14	0	0	0	0	0	0	//영혼의보석													
	12	15	0	0	0	0	0	0	//혼돈의보석													
//	14	16	0	0	0	0	0	0	//생명의보석													
//	14	22	0	0	0	0	0	0	//창조의보석													
// 입장권																						
//	14	19	6	6	0	0	0	0	//데빌스퀘어초대권													
//	13	18	7	7	0	0	0	0	//투명망토													
//	14	28	7	7	0	0	0	0	//잃어버린지도													
//	13	51	4	5	0	0	0	0	//피의두루마리													
end																						
