// Character Initial Item(s) Item Bag - Max 100 Lines																					
/---------------------------------------------------------------------------------------------------------------------------------------------------------------------------/																					
|	Type	Index	LevelMin	LeveMax	Luck	Skill	Option	MaxExc	ExcOptFixed	Joh	Socket1	Socket2	Socket3	Socket4	Socket5	SetOption	Expiry(day) |				
/---------------------------------------------------------------------------------------------------------------------------------------------------------------------------/																					
//	Helm																				
	7	0	2		4	1	0	1	2	10		0	255	255	255	255	255	0		0	
	7	1	2		4	1	0	1	2	10		0	255	255	255	255	255	0		0	
	7	2	2		4	1	0	1	2	10		0	255	255	255	255	255	0		0	
	7	3	2		4	1	0	1	2	10		0	255	255	255	255	255	0		0	
	7	4	2		4	1	0	1	2	10		0	255	255	255	255	255	0		0	
	7	5	2		4	1	0	1	2	10		0	255	255	255	255	255	0		0	
	7	6	2		4	1	0	1	2	10		0	255	255	255	255	255	0		0	
	7	7	2		4	1	0	1	2	10		0	255	255	255	255	255	0		0	
	7	8	2		4	1	0	1	2	10		0	255	255	255	255	255	0		0	
	7	9	2		4	1	0	1	2	10		0	255	255	255	255	255	0		0	
	7	10	2		4	1	0	1	2	10		0	255	255	255	255	255	0		0	
	7	11	2		4	1	0	1	2	10		0	255	255	255	255	255	0		0	
	7	12	2		4	1	0	1	2	10		0	255	255	255	255	255	0		0	
	7	13	2		4	1	0	1	2	10		0	255	255	255	255	255	0		0	
	7	14	2		4	1	0	1	2	10		0	255	255	255	255	255	0		0	
	7	39	2		4	1	0	1	2	10		0	255	255	255	255	255	0		0	
	7	60	2		4	1	0	1	2	10		0	255	255	255	255	255	0		0	
//	Armor																				
	8	0	2		4	1	0	1	2	10		0	255	255	255	255	255	0		0	
	8	1	2		4	1	0	1	2	10		0	255	255	255	255	255	0		0	
	8	2	2		4	1	0	1	2	10		0	255	255	255	255	255	0		0	
	8	3	2		4	1	0	1	2	10		0	255	255	255	255	255	0		0	
	8	4	2		4	1	0	1	2	10		0	255	255	255	255	255	0		0	
	8	5	2		4	1	0	1	2	10		0	255	255	255	255	255	0		0	
	8	6	2		4	1	0	1	2	10		0	255	255	255	255	255	0		0	
	8	7	2		4	1	0	1	2	10		0	255	255	255	255	255	0		0	
	8	8	2		4	1	0	1	2	10		0	255	255	255	255	255	0		0	
	8	9	2		4	1	0	1	2	10		0	255	255	255	255	255	0		0	
	8	10	2		4	1	0	1	2	10		0	255	255	255	255	255	0		0	
	8	11	2		4	1	0	1	2	10		0	255	255	255	255	255	0		0	
	8	12	2		4	1	0	1	2	10		0	255	255	255	255	255	0		0	
	8	13	2		4	1	0	1	2	10		0	255	255	255	255	255	0		0	
	8	14	2		4	1	0	1	2	10		0	255	255	255	255	255	0		0	
	8	15	2		4	1	0	1	2	10		0	255	255	255	255	255	0		0		
	8	39	2		4	1	0	1	2	10		0	255	255	255	255	255	0		0		
	8	60	2		4	1	0	1	2	10		0	255	255	255	255	255	0		0		
//	Pants																				
	9	0	2		4	1	0	1	2	10		0	255	255	255	255	255	0		0	
	9	1	2		4	1	0	1	2	10		0	255	255	255	255	255	0		0	
	9	2	2		4	1	0	1	2	10		0	255	255	255	255	255	0		0	
	9	3	2		4	1	0	1	2	10		0	255	255	255	255	255	0		0	
	9	4	2		4	1	0	1	2	10		0	255	255	255	255	255	0		0	
	9	5	2		4	1	0	1	2	10		0	255	255	255	255	255	0		0	
	9	6	2		4	1	0	1	2	10		0	255	255	255	255	255	0		0	
	9	7	2		4	1	0	1	2	10		0	255	255	255	255	255	0		0	
	9	8	2		4	1	0	1	2	10		0	255	255	255	255	255	0		0	
	9	9	2		4	1	0	1	2	10		0	255	255	255	255	255	0		0	
	9	10	2		4	1	0	1	2	10		0	255	255	255	255	255	0		0	
	9	11	2		4	1	0	1	2	10		0	255	255	255	255	255	0		0	
	9	12	2		4	1	0	1	2	10		0	255	255	255	255	255	0		0	
	9	13	2		4	1	0	1	2	10		0	255	255	255	255	255	0		0	
	9	14	2		4	1	0	1	2	10		0	255	255	255	255	255	0		0	
	9	15	2		4	1	0	1	2	10		0	255	255	255	255	255	0		0	
	9	39	2		4	1	0	1	2	10		0	255	255	255	255	255	0		0
	9	61	2		4	1	0	1	2	10		0	255	255	255	255	255	0		0
//	Helm																				
	7	0	2		4	0	0	1	2	45		0	255	255	255	255	255	0		0	
	7	1	2		4	0	0	1	2	45		0	255	255	255	255	255	0		0	
	7	2	2		4	0	0	1	2	45		0	255	255	255	255	255	0		0	
	7	3	2		4	0	0	1	2	45		0	255	255	255	255	255	0		0	
	7	4	2		4	0	0	1	2	45		0	255	255	255	255	255	0		0	
	7	5	2		4	0	0	1	2	45		0	255	255	255	255	255	0		0	
	7	6	2		4	0	0	1	2	45		0	255	255	255	255	255	0		0	
	7	7	2		4	0	0	1	2	45		0	255	255	255	255	255	0		0	
	7	8	2		4	0	0	1	2	45		0	255	255	255	255	255	0		0	
	7	9	2		4	0	0	1	2	45		0	255	255	255	255	255	0		0	
	7	10	2		4	0	0	1	2	45		0	255	255	255	255	255	0		0	
	7	11	2		4	0	0	1	2	45		0	255	255	255	255	255	0		0	
	7	12	2		4	0	0	1	2	45		0	255	255	255	255	255	0		0	
	7	13	2		4	0	0	1	2	45		0	255	255	255	255	255	0		0	
	7	14	2		4	0	0	1	2	45		0	255	255	255	255	255	0		0	
	7	39	2		4	0	0	1	2	45		0	255	255	255	255	255	0		0	
	7	60	2		4	0	0	1	2	45		0	255	255	255	255	255	0		0	
//	Armor																				
	8	0	2		4	0	0	1	2	45		0	255	255	255	255	255	0		0	
	8	1	2		4	0	0	1	2	45		0	255	255	255	255	255	0		0	
	8	2	2		4	0	0	1	2	45		0	255	255	255	255	255	0		0	
	8	3	2		4	0	0	1	2	45		0	255	255	255	255	255	0		0	
	8	4	2		4	0	0	1	2	45		0	255	255	255	255	255	0		0	
	8	5	2		4	0	0	1	2	45		0	255	255	255	255	255	0		0	
	8	6	2		4	0	0	1	2	45		0	255	255	255	255	255	0		0	
	8	7	2		4	0	0	1	2	45		0	255	255	255	255	255	0		0	
	8	8	2		4	0	0	1	2	45		0	255	255	255	255	255	0		0	
	8	9	2		4	0	0	1	2	45		0	255	255	255	255	255	0		0	
	8	10	2		4	0	0	1	2	45		0	255	255	255	255	255	0		0	
	8	11	2		4	0	0	1	2	45		0	255	255	255	255	255	0		0	
	8	12	2		4	0	0	1	2	45		0	255	255	255	255	255	0		0	
	8	13	2		4	0	0	1	2	45		0	255	255	255	255	255	0		0	
	8	14	2		4	0	0	1	2	45		0	255	255	255	255	255	0		0	
	8	15	2		4	0	0	1	2	45		0	255	255	255	255	255	0		0		
	8	39	2		4	0	0	1	2	45		0	255	255	255	255	255	0		0		
	8	60	2		4	0	0	1	2	45		0	255	255	255	255	255	0		0		
//	Pants																				
	9	0	2		4	0	0	1	2	45		0	255	255	255	255	255	0		0	
	9	1	2		4	0	0	1	2	45		0	255	255	255	255	255	0		0	
	9	2	2		4	0	0	1	2	45		0	255	255	255	255	255	0		0	
	9	3	2		4	0	0	1	2	45		0	255	255	255	255	255	0		0	
	9	4	2		4	0	0	1	2	45		0	255	255	255	255	255	0		0	
	9	5	2		4	0	0	1	2	45		0	255	255	255	255	255	0		0	
	9	6	2		4	0	0	1	2	45		0	255	255	255	255	255	0		0	
	9	7	2		4	0	0	1	2	45		0	255	255	255	255	255	0		0	
	9	8	2		4	0	0	1	2	45		0	255	255	255	255	255	0		0	
	9	9	2		4	0	0	1	2	45		0	255	255	255	255	255	0		0	
	9	10	2		4	0	0	1	2	45		0	255	255	255	255	255	0		0	
	9	11	2		4	0	0	1	2	45		0	255	255	255	255	255	0		0	
	9	12	2		4	0	0	1	2	45		0	255	255	255	255	255	0		0	
	9	13	2		4	0	0	1	2	45		0	255	255	255	255	255	0		0	
	9	14	2		4	0	0	1	2	45		0	255	255	255	255	255	0		0	
	9	15	2		4	0	0	1	2	45		0	255	255	255	255	255	0		0	
	9	39	2		4	0	0	1	2	45		0	255	255	255	255	255	0		0
	9	61	2		4	0	0	1	2	45		0	255	255	255	255	255	0		0
//
	12	15	0		0	0	0	0	0	0		0	0	0	0	0	0	0		0
	14	13	0		0	0	0	0	0	0		0	0	0	0	0	0	0		0
	14	14	0		0	0	0	0	0	0		0	0	0	0	0	0	0		0