//////////////////////////////////////////////////////////////////////////////////////																						
// EventItemBag21																						
//	[ Version ]	0.0.0.4																				
//	[ Author ]	이민정																				
//	[ Latest ]	2007-12-03 10:13																				
//	[ Text ]	크리스마스 이벤트 (국내용)_빨간상자																				
//////////////////////////////////////////////////////////////////////////////////////																						
//드롭가능맵 설정																						
0																						
//	MapIndex	Drop Flag	Min Monster Level	Max MonsterLevel																		
	0	0	0	1000	//로랜시아																	
	1	0	0	1000	//던전																	
	2	0	0	1000	//데비아스																	
	3	0	0	1000	//노리아																	
	4	0	0	1000	//로스트타워																	
	5	0	0	1000	//빈공간																	
	6	0	0	1000	//경기장(배틀사커)																	
	7	0	0	1000	//아틀란스																	
	8	0	0	1000	//타르칸																	
	9	0	0	1000	//악마의광장																	
	10	0	0	1000	//이카루스																	
end																						
																						
//드롭젠 및 아이템드롭 확률																						
//이벤트아이템 드롭 확률은 EventItemDropRate/1000																						
//아이템드롭 확률은 ItemDropRate/100/ ExItemDropRate/1000																						
1																						
//	EventName	DropZen	EventItemType	EventItemIndex	EventItemLevel	EventItemDropRate	ItemDropRate	ExItemDropRate														
	"None"	30000	0	0	0	0	100	5														
end																						
																						
//skill/ luck/ addtoption 의 값이 1이면 랜덤으로 적용/ 0이면 적용안함 																						
2																						
//	type	index	minLevel	maxLevel	skill	luck	addoption	exitemflag														
//2007년 12월 06일~ 이벤트 기간 동안 적용																						
//일반 무기류																						
	0	3	7	9	1	1	1	0	//카타치													
	0	5	7	9	1	1	1	0	//블레이드													
	0	11	7	9	1	1	1	0	//전설의검													
	1	3	7	9	1	1	1	0	//토마호크													
	2	1	7	9	1	1	1	0	//모닝스타													
	4	9	7	9	1	1	1	0	//황금석궁													
	4	11	7	9	1	1	1	0	//빛의석궁													
	5	0	7	9	1	1	1	0	//해골지팡이													
	5	2	7	9	1	1	1	0	//독사지팡이													
//일반 방어구류																						
	7	5	7	9	0	1	1	0	//가죽헬멧													
	8	5	7	9	0	1	1	0	//가죽갑옷													
	9	5	7	9	0	1	1	0	//가죽바지													
	10	5	7	9	0	1	1	0	//가죽장갑													
	11	5	7	9	0	1	1	0	//가죽부츠													
	7	10	7	9	0	1	1	0	//넝쿨헬멧													
	8	10	7	9	0	1	1	0	//넝쿨갑옷													
	9	10	7	9	0	1	1	0	//넝쿨바지													
	10	10	7	9	0	1	1	0	//넝쿨장갑													
	11	10	7	9	0	1	1	0	//넝쿨부츠													
	7	2	7	9	0	1	1	0	//패드투구													
	8	2	7	9	0	1	1	0	//패드갑옷													
	9	2	7	9	0	1	1	0	//패드바지													
	10	2	7	9	0	1	1	0	//패드장갑													
	11	2	7	9	0	1	1	0	//패드부츠													
	7	6	6	8	0	1	1	0	//비늘헬멧													
	8	6	6	8	0	1	1	0	//비늘갑옷													
	9	6	6	8	0	1	1	0	//비늘바지													
	10	6	6	8	0	1	1	0	//비늘장갑													
	11	6	6	8	0	1	1	0	//비늘부츠													
	7	11	6	8	0	1	1	0	//실크헬멧													
	8	11	6	8	0	1	1	0	//실크갑옷													
	9	11	6	8	0	1	1	0	//실크바지													
	10	11	6	8	0	1	1	0	//실크장갑													
	11	11	6	8	0	1	1	0	//실크부츠													
	7	4	6	8	0	1	1	0	//뼈헬멧													
	8	4	6	8	0	1	1	0	//뼈갑옷													
	9	4	6	8	0	1	1	0	//뼈바지													
	10	4	6	8	0	1	1	0	//뼈장갑													
	11	4	6	8	0	1	1	0	//뼈부츠													
	7	25	6	8	0	1	1	0	//라운드마스크													
	8	25	6	8	0	1	1	0	//라운드갑옷													
	9	25	6	8	0	1	1	0	//라운드바지													
	10	25	6	8	0	1	1	0	//라운드장갑													
	11	25	6	8	0	1	1	0	//라운드부츠													
//일반 방패류																						
	6	9	7	9	1	1	1	0	//철판방패													
	6	3	7	9	1	1	1	0	//요정방패													
	6	6	7	9	1	1	1	0	//해골방패													
end																						
