; Type		= Item type
; Index		= Item Index
; Map		= -1 (Drop in all map) / specific map number
; MobID		= -1 Disregard monster ID / specific monster ID
; MobMin	= -1 Disregard monster level / specific monster minimum level
; MobMax	= if Mobin is greater than 0 value then MobMax value should be more than or equal MobMin value
; IMinLvl	= Item minimum level
; IMaxLvl	= Item max level (max value in this version is 13)
; ISkill	= 0 / 1 - Item can have skill or no (random)
; ILuck		= 0 / 1 - Item can have luck or no (random)
; IOpt		= 0 - 7 (Item option: 1 = +4, 7 = +28) Max option item can have
; IDur		= Item durability
; IExc		= 0 - 6 Maximum excellent options an item can have
; IAnc		= Item can be ancient
; Rate		= 1 - 100 Item drop rate
; Quest		= 1 to 5 - drop only during quest stages (1 scroll..5 third quest items) / -1 to drop item regardless of quest stages 
; NOTE: Drop rule is from left to right (Type -> DropRate), let say you set an item to drop in Yeti monster and map devias and when 
;	you added Yeti in other map then MobID option will be disregarded.
/-------------------------------------------------------------------------------------------------------------------------------------------------------------------------------/
| 	Type	Index	Map	MobID	MobMin	MobMax	IMinLvl	IMaxLvl	ISkill	ILuck	IOpt	IDur	IExc	IAnc	Rate	ExpireDays	QtyLimited	QtyLimitReset   |
/--------------------------------------------------------------------------------------------------------------------------------------------------------------------------------/
// steel of heaven
// boss
	14	342	-1	275	-1	200	0	0	0	0	0	0	0	0	100	0	0	0 // kundun					
	14	342	-1	295	-1	200	0	0	0	0	0	0	0	0	50	0	0	0 // erohim					
	14	342	-1	459	-1	200	0	0	0	0	0	0	0	0	70	0	0	0 // selupan					
	14	342	-1	561	-1	200	0	0	0	0	0	0	0	0	80	0	0	0 // medusa
// colosus					
	14	342	-1	655	-1	200	0	0	0	0	0	0	0	0	50	0	0	0 // colosus erohim					
	14	342	-1	656	-1	200	0	0	0	0	0	0	0	0	60	0	0	0 // colosus HellMaine					
	14	342	-1	657	-1	200	0	0	0	0	0	0	0	0	100	0	0	0 // colosus kundun
// new goldens					
	14	342	-1	497	-1	200	0	0	0	0	0	0	0	0	10	0	0	0 // Golden Satyrus					
	14	342	-1	498	-1	200	0	0	0	0	0	0	0	0	10	0	0	0 // Golden Twin Tale					
	14	342	-1	499	-1	200	0	0	0	0	0	0	0	0	10	0	0	0 // Golden Iron Knight					
	14	342	-1	500	-1	200	0	0	0	0	0	0	0	0	10	0	0	0 // Golden Napin					
	14	342	-1	501	-1	200	0	0	0	0	0	0	0	0	10	0	0	0 // Golden Great Dragon
// vulcanus
	14	342	-1	488	-1	200	0	0	0	0	0	0	0	0	2	0	0	0
	14	342	-1	489	-1	200	0	0	0	0	0	0	0	0	2	0	0	0
	14	342	-1	490	-1	200	0	0	0	0	0	0	0	0	2	0	0	0
	14	342	-1	491	-1	200	0	0	0	0	0	0	0	0	2	0	0	0
// rena			
//	14	21	-1	-1	1	200	0	0	0	0	0	0	0	0	15	0	0	0
// jewels
	12	15	-1	-1	12	47	0	0	0	0	0	0	0	0	8	0	0	0					
	14	13	-1	-1	25	70	0	0	0	0	0	0	0	0	4	0	1000	5			
	14	14	-1	-1	30	76	0	0	0	0	0	0	0	0	6	0	0	0			
	14	16	-1	-1	72	93	0	0	0	0	0	0	0	0	5	0	0	0
	14	22	-1	-1	78	107	0	0	0	0	0	0	0	0	5	0	0	0
	12	15	-1	-1	48	107	0	0	0	0	0	0	0	0	6	0	0	0					
	14	13	-1	-1	71	130	0	0	0	0	0	0	0	0	2	0	1000	5			
	14	14	-1	-1	77	136	0	0	0	0	0	0	0	0	4	0	0	0			
	14	16	-1	-1	94	153	0	0	0	0	0	0	0	0	3	0	0	0
	14	22	-1	-1	108	167	0	0	0	0	0	0	0	0	3	0	0	0
//
//	14	141	-1	-1	22	93	0	0	0	0	0	0	0	0	10	0	0	0
// gm box devias
//	14	52	2	-1	20	52	1	1	0	0	0	0	0	0	10	0	0	0
//	14	52	2	-1	24	36	2	2	0	0	0	0	0	0	10	0	0	0
//	14	52	2	-1	32	52	3	3	0	0	0	0	0	0	10	0	0	0
// gm box all maps
//	14	52	-1	-1	20	97	0	0	0	0	0	0	0	0	10	0	0	0
//	14	52	-1	-1	20	52	1	1	0	0	0	0	0	0	10	0	0	0
//	14	52	-1	-1	53	120	2	2	0	0	0	0	0	0	10	0	0	0
//	14	52	-1	-1	94	153	3	3	0	0	0	0	0	0	10	0	0	0
//
//	14	55	-1	-1	5	25	0	0	0	0	0	0	0	0	10	0	0	0
//	14	56	-1	-1	22	68	0	0	0	0	0	0	0	0	9	0	0	0
//	14	57	-1	-1	60	110	0	0	0	0	0	0	0	0	8	0	0	0
// gemstone
//	14	41	-1	-1	75	200	0	0	0	0	0	0	0	0	3	0	0	0
// vulcanus
// silver and golden box
//	14	113	63	-1	100	120	0	0	0	0	0	0	0	0	5	0	0	0
//	14	121	63	-1	134	140	0	0	0	0	0	0	0	0	5	0	0	0
//	14	112	63	-1	95	115	0	0	0	0	0	0	0	0	5	0	0	0
//	14	122	63	-1	116	133	0	0	0	0	0	0	0	0	5	0	0	0
//	12	15	63	-1	90	100	0	0	0	0	0	0	0	0	11	0	0	0					
//	14	13	63	-1	101	115	0	0	0	0	0	0	0	0	7	0	0	0			
//	14	14	63	-1	116	130	0	0	0	0	0	0	0	0	7	0	0	0			
//	14	16	63	-1	120	150	0	0	0	0	0	0	0	0	5	0	0	0
//	14	22	63	-1	120	150	0	0	0	0	0	0	0	0	11	0	0	0
// 220 ORBS
	12	44	63	-1	-1	150	0	0	0	0	0	0	0	0	10	0	0	0
	12	45	63	-1	-1	150	0	0	0	0	0	0	0	0	10	0	0	0
	12	46	63	-1	-1	150	0	0	0	0	0	0	0	0	10	0	0	0
	12	47	63	-1	-1	150	0	0	0	0	0	0	0	0	10	0	0	0
	12	48	63	-1	-1	150	0	0	0	0	0	0	0	0	10	0	0	0
	15	28	63	-1	-1	150	0	0	0	0	0	0	0	0	10	0	0	0
	15	29	63	-1	-1	150	0	0	0	0	0	0	0	0	10	0	0	0
// Rune Wiz Books
	15	38	63	-1	-1	150	0	0	0	0	0	0	0	0	10	0	0	0
	15	40	63	-1	-1	150	0	0	0	0	0	0	0	0	10	0	0	0
	15	41	63	-1	-1	150	0	0	0	0	0	0	0	0	10	0	0	0
// Book Parchements
	15	42	63	-1	-1	150	0	0	0	0	0	0	0	0	10	0	0	0
	15	43	63	-1	-1	150	0	0	0	0	0	0	0	0	10	0	0	0
	15	44	63	-1	-1	150	0	0	0	0	0	0	0	0	10	0	0	0
//
	13	468	63	-1	-1	150	0	0	0	0	0	0	0	0	2	0	0	0
// card piece
	14	215	63	-1	-1	150	0	0	0	0	0	0	0	0	30	0	0	0
	14	215	80	-1	-1	150	0	0	0	0	0	0	0	0	5	0	0	0
	14	215	81	-1	-1	150	0	0	0	0	0	0	0	0	5	0	0	0
	14	215	112	-1	-1	150	0	0	0	0	0	0	0	0	5	0	0	0
	14	215	113	-1	-1	150	0	0	0	0	0	0	0	0	5	0	0	0
// rena			
//	14	21	-1	-1	1	200	0	0	0	0	0	0	0	0	10	0	0	0
// moonstone ring
//	13	38	37	-1	95	200	0	0	0	0	0	0	0	0	7	0	0	0
// dungeon event
	14	51	-1	-1	25	100	0	0	0	0	0	0	0	0	10	0	0	0
// dungeon event
//	14	101	-1	-1	32	200	0	0	0	0	0	0	0	0	8	0	0	0
//	14	110	-1	-1	32	200	0	0	0	0	0	0	0	0	4	0	0	0
// rf scrolls
	15	30	-1	-1	70	120	0	0	0	0	0	0	0	0	5	0	0	0
	15	31	-1	-1	80	120	0	0	0	0	0	0	0	0	5	0	0	0
	15	32	-1	-1	70	120	0	0	0	0	0	0	0	0	5	0	0	0
	15	33	-1	-1	90	120	0	0	0	0	0	0	0	0	5	0	0	0
	15	34	-1	-1	80	120	0	0	0	0	0	0	0	0	5	0	0	0
	15	35	-1	-1	50	120	0	0	0	0	0	0	0	0	5	0	0	0
	15	36	-1	-1	40	120	0	0	0	0	0	0	0	0	5	0	0	0
// ex7 2.5 wings
//	14	176	-1	55	-1	-1	0	0	0	0	0	0	0	0	2	0	0	0			
	14	177	-1	309	-1	-1	0	0	0	0	0	0	0	0	10	0	0	0			
	14	178	-1	77	-1	-1	0	0	0	0	0	0	0	0	10	0	0	0			
	14	179	-1	63	-1	-1	0	0	0	0	0	0	0	0	10	0	0	0			
// ex7 new socket weapon ingredients
	14	180	-1	454	-1	-1	0	0	0	0	0	0	0	0	30	0	0	0			
	14	181	-1	455	-1	-1	0	0	0	0	0	0	0	0	30	0	0	0			
	14	182	-1	456	-1	-1	0	0	0	0	0	0	0	0	30	0	0	0			
	14	183	-1	457	-1	-1	0	0	0	0	0	0	0	0	30	0	0	0			
	14	184	-1	458	-1	-1	0	0	0	0	0	0	0	0	30	0	0	0			
	14	185	-1	562	-1	-1	0	0	0	0	0	0	0	0	30	0	0	0			
	14	186	-1	563	-1	-1	0	0	0	0	0	0	0	0	30	0	0	0			
	14	187	-1	564	-1	-1	0	0	0	0	0	0	0	0	30	0	0	0			
	14	188	-1	565	-1	-1	0	0	0	0	0	0	0	0	30	0	0	0			
	14	191	-1	565	-1	-1	0	0	0	0	0	0	0	0	20	0	0	0			
	14	192	-1	562	-1	-1	0	0	0	0	0	0	0	0	20	0	0	0			
	14	193	-1	565	-1	-1	0	0	0	0	0	0	0	0	20	0	0	0			
	14	194	-1	562	-1	-1	0	0	0	0	0	0	0	0	20	0	0	0			
	14	195	-1	563	-1	-1	0	0	0	0	0	0	0	0	20	0	0	0			
	14	196	-1	562	-1	-1	0	0	0	0	0	0	0	0	20	0	0	0			
	14	197	-1	564	-1	-1	0	0	0	0	0	0	0	0	20	0	0	0			
	14	198	-1	562	-1	-1	0	0	0	0	0	0	0	0	20	0	0	0			
	14	199	-1	563	-1	-1	0	0	0	0	0	0	0	0	20	0	0	0			
	14	200	-1	565	-1	-1	0	0	0	0	0	0	0	0	20	0	0	0			
	14	201	-1	564	-1	-1	0	0	0	0	0	0	0	0	20	0	0	0			
	14	202	-1	562	-1	-1	0	0	0	0	0	0	0	0	20	0	0	0
//				
	14	342	63	-1	120	137	0	0	0	0	0	0	0	0	2	0	0	0						
// spirit map fragment
	13	145	63	-1	10	150	0	0	0	0	0	0	0	0	10	0	0	0						
	12	271	-1	-1	53	79	0	0	0	0	0	0	0	0	10	0	0	0
	12	272	-1	-1	74	95	0	0	0	0	0	0	0	0	10	0	0	0
	12	273	-1	-1	80	100	0	0	0	0	0	0	0	0	10	0	0	0
	12	274	-1	-1	58	85	0	0	0	0	0	0	0	0	10	0	0	0
	12	275	-1	-1	92	120	0	0	0	0	0	0	0	0	10	0	0	0
	12	276	-1	-1	66	90	0	0	0	0	0	0	0	0	10	0	0	0
	12	277	-1	-1	92	120	0	0	0	0	0	0	0	0	10	0	0	0
	12	215	-1	-1	1	22	0	0	0	0	0	0	0	0	10	0	0	0
// s13
//	13	468	122	-1	148	275	0	0	0	0	0	1	0	0	1	0	0	0
//	13	466	122	-1	148	275	0	0	0	0	0	1	0	0	1	0	0	0
	13	468	-1	790	-1	-1	0	0	0	0	0	5	0	0	1000	0	0	0
	13	468	-1	793	-1	-1	0	0	0	0	0	3	0	0	1000	0	0	0
	13	468	-1	794	-1	-1	0	0	0	0	0	10	0	0	1000	0	0	0
//
	13	468	130	839	-1	-1	0	0	0	0	0	1	0	0	10	0	200	5
	13	468	130	840	-1	-1	0	0	0	0	0	1	0	0	10	0	300	5
	14	468	130	839	-1	-1	0	0	0	0	0	1	0	0	10	0	200	5
	14	468	130	840	-1	-1	0	0	0	0	0	1	0	0	10	0	300	5
	14	469	130	839	-1	-1	0	0	0	0	0	1	0	0	10	0	400	5
	14	469	130	840	-1	-1	0	0	0	0	0	1	0	0	10	0	600	5
	13	466	130	839	-1	-1	0	0	0	0	0	1	0	0	10	0	25	5
	13	466	130	840	-1	-1	0	0	0	0	0	1	0	0	10	0	50	5
	14	42	130	839	-1	-1	0	0	0	0	0	1	0	0	10	0	200	5
	14	42	130	840	-1	-1	0	0	0	0	0	1	0	0	10	0	300	5
//
	14	466	128	-1	410	461	0	0	0	0	0	1	0	0	2	0	100	5
	14	466	129	-1	410	461	0	0	0	0	0	1	0	0	3	0	150	5
	14	466	130	-1	410	461	0	0	0	0	0	1	0	0	4	0	250	5
	14	467	128	-1	410	461	0	0	0	0	0	1	0	0	2	0	200	5
	14	467	129	-1	410	461	0	0	0	0	0	1	0	0	3	0	300	5
	14	467	130	-1	410	461	0	0	0	0	0	1	0	0	4	0	500	5
	12	15	-1	-1	410	461	0	0	0	0	0	1	0	0	4	0	500	5					
	14	13	130	-1	410	461	0	0	0	0	0	1	0	0	4	0	500	5			
	14	14	-1	-1	410	461	0	0	0	0	0	1	0	0	4	0	500	5			
	14	16	130	-1	410	461	0	0	0	0	0	1	0	0	4	0	500	5
	14	22	130	-1	410	461	0	0	0	0	0	1	0	0	4	0	500	5