//############################################
// POWERED BY MU ENGINE                                    //
//                    WWW.MUENGINE.ORG                      //
//###########################################

//[Noria] Elf Lala
//Type	Index	Level	Dur	Skill	Luck	Option		
							
14	0	0	1	0	0	0 	//사과
14	1	0	1	0	0	0 	//작은치료물약
14	2	0	1	0	0	0 	//중간치료물약
14	3	0	1	0	0	0 	//큰치료물약
14	4	0	1	0	0	0 	//작은마나물약
14	5	0	1	0	0	0 	//중간마나물약
14	6	0	1	0	0	0 	//큰마나물약
14	8	0	1	0	0	0 	//해독물약
14	0	0	3	0	0	0 	//사과(3)
14	1	0	3	0	0	0 	//작은치료물약(3)
14	2	0	3	0	0	0 	//중간치료물약(3)
14	3	0	3	0	0	0 	//큰치료물약(3)
14	4	0	3	0	0	0 	//작은마나물약(3)
14	5	0	3	0	0	0 	//중간마나물약(3)
14	6	0	3	0	0	0 	//큰마나물약(3)
14	8	0	3	0	0	0 	//해독물약(3)
// 물약리스트+1							
14	0	1	1	0	0	0 	//사과
14	1	1	1	0	0	0 	//작은치료물약
14	2	1	1	0	0	0 	//중간치료물약
14	3	1	1	0	0	0 	//큰치료물약
14	0	1	3	0	0	0 	//사과(3)
14	1	1	3	0	0	0 	//작은치료물약(3)
14	2	1	3	0	0	0 	//중간치료물약(3)
14	3	1	3	0	0	0 	//큰치료물약(3)
// 구슬류							
12	8	0	1	0	0	0 	//치료구슬
12	9	0	1	0	0	0 	//방어력향상구슬
12	10	0	1	0	0	0 	//공격력향상구슬
12	11	0	1	0	0	0 	//소환구슬(고블린)
12	11	1	1	0	0	0 	//소환구슬(돌괴물)
12	11	2	1	0	0	0 	//소환구슬(암살자)
12	11	3	1	0	0	0 	//소환구슬(설인대장)
12	11	4	1	0	0	0 	//소환구슬(다크나이트)
// 일반 방어구류							
7	10	0	0	0	1	1 	//넝쿨헬멧
8	10	0	0	0	1	1 	//넝쿨갑옷
9	10	0	0	0	1	1 	//넝쿨바지
10	10	0	0	0	1	1 	//넝쿨장갑
11	10	0	0	0	1	1 	//넝쿨부츠
7	11	2	0	0	1	1 	//실크헬멧
8	11	2	0	0	1	1 	//실크갑옷
9	11	2	0	0	1	1 	//실크바지
10	11	2	0	0	1	1 	//실크장갑
11	11	2	0	0	1	1 	//실크부츠
7	12	3	0	0	1	1 	//바람의헬멧
8	12	3	0	0	1	1 	//바람의갑옷
9	12	3	0	0	1	1 	//바람의바지
10	12	3	0	0	1	1 	//바람의장갑
11	12	3	0	0	1	1 	//바람의부츠
//
//7	116	0	0	0	1	1 	//실크헬멧
//8	116	0	0	0	1	1 	//실크갑옷
//7	117	2	0	0	1	1 	//실크헬멧
//8	117	2	0	0	1	1 	//실크갑옷
// 일반							
//13	29	0	1	0	0	0 	//근위병의갑옷세트
14	10	0	1	0	0	0 	//마을귀환문서
// 활/석궁통							
4	7	0	255	0	0	0 	//석궁용화살
4	7	1	255	0	0	0 	//석궁용화살(+1)
4	7	2	255	0	0	0 	//석궁용화살(+2)
4	15	0	255	0	0	0 	//화살
4	15	1	255	0	0	0 	//화살(+1)
4	15	2	255	0	0	0 	//화살(+2)
//16	239	0	0	0	0	0 	//화살(+2)
end