//############################################
// POWERED BY MU ENGINE                                    //
//                    WWW.MUENGINE.ORG                      //
//###########################################

//[Devias] Isabel Wizard
//Type	Index	Level	Dur	Skill	Luck	Option		
							
14	0	0	1	0	0	0 	//사과
14	1	0	1	0	0	0 	//작은치료물약
14	2	0	1	0	0	0 	//중간치료물약
14	3	0	1	0	0	0 	//큰치료물약
14	4	0	1	0	0	0 	//작은마나물약
14	5	0	1	0	0	0 	//중간마나물약
14	6	0	1	0	0	0 	//큰마나물약
14	8	0	1	0	0	0 	//해독물약
14	0	0	3	0	0	0 	//사과(3)
14	1	0	3	0	0	0 	//작은치료물약(3)
14	2	0	3	0	0	0 	//중간치료물약(3)
14	3	0	3	0	0	0 	//큰치료물약(3)
14	4	0	3	0	0	0 	//작은마나물약(3)
14	5	0	3	0	0	0 	//중간마나물약(3)
14	6	0	3	0	0	0  	//큰마나물약(3)
14	8	0	3	0	0	0 	//해독물약(3)
// 물약리스트+1							
14	0	1	1	0	0	0 	//사과
14	1	1	1	0	0	0 	//작은치료물약
14	2	1	1	0	0	0 	//중간치료물약
14	3	1	1	0	0	0 	//큰치료물약
14	0	1	3	0	0	0 	//사과(3)
14	1	1	3	0	0	0 	//작은치료물약(3)
14	2	1	3	0	0	0 	//중간치료물약(3)
14	3	1	3	0	0	0 	//큰치료물약(3)
// 일반 방어구류							
7	3	3	0	0	1	1 	//전설의헬멧
8	3	3	0	0	1	1 	//전설의갑옷
9	3	3	0	0	1	1 	//전설의바지
10	3	3	0	0	1	1 	//전설의장갑
11	3	3	0	0	1	1 	//전설의부츠
// 일반							
//13	29	0	1	0	0	0 	//근위병의갑옷세트
14	10	0	1	0	0	0 	//마을귀환문서
// 활/석궁통							
4	7	0	255	0	0	0 	//석궁용화살
4	7	1	255	0	0	0 	//석궁용화살(+1)
4	7	2	255	0	0	0 	//석궁용화살(+2)
4	15	0	255	0	0	0 	//화살
4	15	1	255	0	0	0 	//화살(+1)
4	15	2	255	0	0	0 	//화살(+2)
// 지팡이류							
5	4	3	0	0	1	1 	//고르곤지팡이
5	5	3	0	0	1	1 	//전설의지팡이
// 일반 방패류							
6	14	3	0	1	1	1 	//전설의방패
// 법서류							
15	4	0	1	0	0	0 	//불기둥법서
15	7	0	1	0	0	0 	//회오리법서
end						