//////////////////////////////////////////////////////////////////////////////////////											
// EventItemBag 63											
//	[ Start  ] 	2009-08-05									
//	[ Latest ]	2009-08-05 04:59 PM									
//	[ Author ]	홍승욱									
//	[ Version ]	0.0.0.1									
//	[ Text ]	제국 수호군 석상 드랍 아이템 리스트									
//	[ Desc ]										
//////////////////////////////////////////////////////////////////////////////////////											
//레벨대를 지정하여 해당 레벨대에 맞는 아이템을 드랍											
//한번에 여러 개의 아이템을 드랍할수도 있음											
//4번 카테고리 설정 시 아이템 드랍과 함께 젠 드랍도 설정 가능											
//1. 레벨대											
//Index	Level_min	Level_max									
0											
0	1	100									
1	101	200									
2	201	300									
3	301	400									
4	401	800									
//5											
//6											
//7											
//8											
//9											
end											
//2. 아이템 그룹 											
//세트 아이템 드랍 시 아이템의 인덱스와 타입만 기입하면 해당 세트 아이템이 드랍											
//Level_index	Type	Index	MinLevel	MaxLevel	Skill	LuckOption	AddOption	ExOption	IsSetItem	Rate	
1											
0	12	30	0	0	0	0	0	0	0	1	//축복의보석10개묶음
0	12	31	0	0	0	0	0	0	0	2	//영혼의보석10개묶음
0	14	13	0	0	0	0	0	0	0	1000	//축복의보석
0	14	16	0	0	0	0	0	0	0	2000	//생명의보석
0	14	14	0	0	0	0	0	0	0	3000	//영혼의보석
0	14	22	0	0	0	0	0	0	0	4000	//창조의보석
0	12	15	0	0	0	0	0	0	0	10000	//혼돈의보석
0	13	1	0	0	0	0	0	0	0	982997	//사탄
//Rate 합계										1,003,000 	/1,000,000
											
1	12	30	0	0	0	0	0	0	0	2	//축복의보석10개묶음
1	12	31	0	0	0	0	0	0	0	4	//영혼의보석10개묶음
1	14	13	0	0	0	0	0	0	0	2000	//축복의보석
1	14	16	0	0	0	0	0	0	0	4000	//생명의보석
1	14	14	0	0	0	0	0	0	0	6000	//영혼의보석
1	14	22	0	0	0	0	0	0	0	8000	//창조의보석
1	12	15	0	0	0	0	0	0	0	20000	//혼돈의보석
1	13	1	0	0	0	0	0	0	0	959994	//사탄
//Rate 합계										1,000,000 	/1,000,000
											
2	12	30	0	0	0	0	0	0	0	3	//축복의보석10개묶음
2	12	31	0	0	0	0	0	0	0	6	//영혼의보석10개묶음
2	14	13	0	0	0	0	0	0	0	3000	//축복의보석
2	14	16	0	0	0	0	0	0	0	6000	//생명의보석
2	14	14	0	0	0	0	0	0	0	9000	//영혼의보석
2	14	22	0	0	0	0	0	0	0	12000	//창조의보석
2	12	15	0	0	0	0	0	0	0	30000	//혼돈의보석
2	13	1	0	0	0	0	0	0	0	939991	//사탄
//Rate 합계										1,000,000 	/1,000,000
											
3	12	30	0	0	0	0	0	0	0	4	//축복의보석10개묶음
3	12	31	0	0	0	0	0	0	0	8	//영혼의보석10개묶음
3	14	13	0	0	0	0	0	0	0	4000	//축복의보석
3	14	16	0	0	0	0	0	0	0	8000	//생명의보석
3	14	14	0	0	0	0	0	0	0	12000	//영혼의보석
3	14	22	0	0	0	0	0	0	0	16000	//창조의보석
3	12	15	0	0	0	0	0	0	0	40000	//혼돈의보석
3	13	1	0	0	0	0	0	0	0	919988	//사탄
//Rate 합계										1,000,000 	/1,000,000
											
4	12	30	0	0	0	0	0	0	0	5	//축복의보석10개묶음
4	12	31	0	0	0	0	0	0	0	10	//영혼의보석10개묶음
4	14	13	0	0	0	0	0	0	0	5000	//축복의보석
4	14	16	0	0	0	0	0	0	0	10000	//생명의보석
4	14	14	0	0	0	0	0	0	0	15000	//영혼의보석
4	14	22	0	0	0	0	0	0	0	20000	//창조의보석
4	12	15	0	0	0	0	0	0	0	50000	//혼돈의보석
4	13	1	0	0	0	0	0	0	0	899985	//사탄
//Rate 합계										1,000,000 	/1,000,000
end											
//3. 젠 - 함께 드랍되는 젠 설정											
//Index	drop_zen										
2											
0	1000										
1	10000										
2	50000										
3	80000										
4	100000										
//5											
//6											
//7											
//8											
//9											
end											
//4. 드랍 갯수 지정 - 최대 드랍 개수 지정											
//Level_index	DropCount										
3											
0	1										
1	1										
2	1										
3	1										
4	1										
//2											
//2											
//2											
//2											
//2											
end											
// 엑설런트 아이템 옵션이 갯수마다 붙을 확률 n/1000000 2개 or 1개											
//엑설런트 옵션이 2개 붙을 확률 : 10000/1000000											
//rate											
4											
10000		// 2개 붙을 확률									
end											
end											
