; Item Rare Drop Event
; Month		- -1 All months / Specific value from 1 - 12
; WDay		- -1 All week days / Specific value from 0 (Sunday) to 6 (Saturday)
; MDay		- -1 All days / Specific value from 1 to 31
; Hour		- -1 All hours / Specific 0 to 23
; Minute	- 0 to 60
; ID		- unique number sequence
; iLuck		- success rate of luck x/100
; iSkill	- success rate of skill x/100
/--------------------------------------------------------------------------------------------------------------------------------------------------------------------------------------------------------------------------------------------------------------------------------------/
|	ID	iType	iIndex	iLevel	iLuck	iSkill	iOption	iExc	ExcFlag		iJoh	iSockBonus	iSock1	iSock2	iSock3	iSock4	iSock5		iSetopt	Expiry(day) Link-Box-iType	Link-Box-iIndex	Link-Box-iLevel	Rsvrd	Month	WDay	MDay	Hour	Minute |
/--------------------------------------------------------------------------------------------------------------------------------------------------------------------------------------------------------------------------------------------------------------------------------------/
// Exc 380 Weapons
	501	0	22	0	100	100	0	0	0		0	255		255	255	255	255	255		0	0		14		52		1		0	9	-1	1	10	0	
	502	0	23	0	100	100	0	0	0		0	255		255	255	255	255	255		0	0		14		52		2		0	9	-1	2	21	0	
	503	2	14	0	100	100	0	0	0		0	255		255	255	255	255	255		0	0		14		52		1		0	9	-1	3	3	0	
	504	4	21	0	100	100	0	0	0		0	255		255	255	255	255	255		0	0		14		52		2		0	9	-1	4	6	0	
	506	5	12	0	100	0	0	0	0		0	255		255	255	255	255	255		0	0		14		52		1		0	9	-1	5	9	0	
	507	5	19	0	100	0	0	0	0		0	255		255	255	255	255	255		0	0		14		52		2		0	9	-1	6	2	0	
	508	0	35	0	100	100	0	0	0		0	255		255	255	255	255	255		0	0		14		52		2		0	9	-1	7	21	0	
// Socket Weapons
	509	5	20	0	0	0	0	0	0		0	255		254	254	255	255	255		0	0		14		52		1		0	9	-1	1	14	0			
	510	0	26	0	100	100	0	0	0		0	255		254	254	255	255	255		0	0		14		52		2		0	9	-1	2	16	0	
	511	0	27	0	100	100	0	0	0		0	255		254	254	255	255	255		0	0		14		52		1		0	9	-1	3	15	0	
	512	0	28	0	100	100	0	0	0		0	255		254	254	255	255	255		0	0		14		52		2		0	9	-1	4	18	0	
	513	2	16	0	100	0	0	0	0		0	255		254	254	255	255	255		0	0		14		52		1		0	9	-1	5	21	0	
	514	2	17	0	100	100	0	0	0		0	255		254	254	255	255	255		0	0		14		52		2		0	9	-1	6	18	0	
	515	4	23	0	100	100	0	0	0		0	255		254	254	255	255	255		0	0		14		52		1		0	9	-1	7	15	0	
// condor flame and feather
	516	13	53	0	0	0	0	0	0		0	255		255	255	255	255	255		0	0		14		52		2		0	9	-1	1	21	0			
	517	13	53	0	0	0	0	0	0		0	255		255	255	255	255	255		0	0		14		52		1		0	9	-1	2	11	0			
	518	13	53	0	0	0	0	0	0		0	255		255	255	255	255	255		0	0		14		52		2		0	9	-1	3	22	0			
//
	519	13	36	0	0	0	0	0	0		0	255		255	255	255	255	255		0	0		14		52		1		0	9	-1	4	11	0			
	520	13	36	0	0	0	0	0	0		0	255		255	255	255	255	255		0	0		14		52		2		0	9	-1	5	11	0			
	521	13	36	0	0	0	0	0	0		0	255		255	255	255	255	255		0	0		14		52		1		0	9	-1	6	11	0			
	522	13	36	0	0	0	0	0	0		0	255		255	255	255	255	255		0	0		14		52		2		0	9	-1	7	11	0			