; Item Rare Drop Event
; Month		- -1 All months / Specific value from 1 - 12
; WDay		- -1 All week days / Specific value from 0 (Sunday) to 6 (Saturday)
; MDay		- -1 All days / Specific value from 1 to 31
; Hour		- -1 All hours / Specific 0 to 23
; Minute	- 0 to 60
; ID		- unique number sequence
; iLuck		- success rate of luck x/100
; iSkill	- success rate of skill x/100
/--------------------------------------------------------------------------------------------------------------------------------------------------------------------------------------------------------------------------------------------------------------------------------------/
|	ID	iType	iIndex	iLevel	iLuck	iSkill	iOption	iExc	ExcFlag		iJoh	iSockBonus	iSock1	iSock2	iSock3	iSock4	iSock5		iSetopt	Expiry(day) Link-Box-iType	Link-Box-iIndex	Link-Box-iLevel	Rsvrd	Month	WDay	MDay	Hour	Minute |
/--------------------------------------------------------------------------------------------------------------------------------------------------------------------------------------------------------------------------------------------------------------------------------------/
// Exc 380 Weapons
	324	0	22	0	100	100	0	0	0		0	255		255	255	255	255	255		0	0		14		52		0		0	3	-1	14	19	0	
	325	0	23	0	100	100	0	0	0		0	255		255	255	255	255	255		0	0		14		52		0		0	3	-1	9	20	0	
	326	2	14	0	100	100	0	0	0		0	255		255	255	255	255	255		0	0		14		52		0		0	3	-1	6	18	0	
	327	4	21	0	100	100	0	0	0		0	255		255	255	255	255	255		0	0		14		52		0		0	3	-1	13	18	0	
	328	5	12	0	100	0	0	0	0		0	255		255	255	255	255	255		0	0		14		52		0		0	3	-1	4	18	0	
	329	5	19	0	100	0	0	0	0		0	255		255	255	255	255	255		0	0		14		52		0		0	3	-1	7	18	0	
// broken horn
	330	13	36	0	0	0	0	0	0		0	255		255	255	255	255	255		0	0		14		52		0		0	3	-1	11	14	0			
	331	13	36	0	0	0	0	0	0		0	255		255	255	255	255	255		0	0		14		52		0		0	3	-1	3	20	0			
	332	13	36	0	0	0	0	0	0		0	255		255	255	255	255	255		0	0		14		52		0		0	3	-1	9	14	0			
	333	13	36	0	0	0	0	0	0		0	255		255	255	255	255	255		0	0		14		52		0		0	3	-1	6	14	0			
// Socket Weapons
	334	5	20	0	0	0	0	0	0		0	255		254	254	255	255	255		0	0		14		52		0		0	3	-1	13	14	0			
	335	0	26	0	100	100	0	0	0		0	255		254	254	255	255	255		0	0		14		52		0		0	3	-1	3	10	0	
	336	0	27	0	100	100	0	0	0		0	255		254	254	255	255	255		0	0		14		52		0		0	3	-1	8	10	0	
	337	0	28	0	100	100	0	0	0		0	255		254	254	255	255	255		0	0		14		52		0		0	3	-1	2	18	0	
	338	2	16	0	100	0	0	0	0		0	255		254	254	255	255	255		0	0		14		52		0		0	3	-1	10	18	0	
	339	2	17	0	100	100	0	0	0		0	255		254	254	255	255	255		0	0		14		52		0		0	3	-1	12	18	0	
	340	4	23	0	100	100	0	0	0		0	255		254	254	255	255	255		0	0		14		52		0		0	3	-1	5	16	0	
// condor flame and feather
	341	13	53	0	0	0	0	0	0		0	255		255	255	255	255	255		0	0		14		52		0		0	3	-1	2	14	0			
	342	13	53	0	0	0	0	0	0		0	255		255	255	255	255	255		0	0		14		52		0		0	3	-1	8	22	0			
	343	13	53	0	0	0	0	0	0		0	255		255	255	255	255	255		0	0		14		52		0		0	3	-1	14	21	0			
// pack of bless
	344	12	30	0	0	0	0	0	0		0	255		255	255	255	255	255		0	0		14		52		0		0	3	-1	11	22	0			
	345	12	30	0	0	0	0	0	0		0	255		255	255	255	255	255		0	0		14		52		0		0	3	-1	4	22	0			
	346	12	30	0	0	0	0	0	0		0	255		255	255	255	255	255		0	0		14		52		0		0	3	-1	7	22	0			
	347	12	30	0	0	0	0	0	0		0	255		255	255	255	255	255		0	0		14		52		0		0	3	-1	10	22	0			
	348	12	30	0	0	0	0	0	0		0	255		255	255	255	255	255		0	0		14		52		0		0	3	-1	12	22	0			
	349	12	30	0	0	0	0	0	0		0	255		255	255	255	255	255		0	0		14		52		0		0	3	-1	5	22	0			