; Item Rare Drop Event
; Month		- -1 All months / Specific value from 1 - 12
; WDay		- -1 All week days / Specific value from 0 (Sunday) to 6 (Saturday)
; MDay		- -1 All days / Specific value from 1 to 31
; Hour		- -1 All hours / Specific 0 to 23
; Minute	- 0 to 60
; ID		- unique number sequence
; iLuck		- success rate of luck x/100
; iSkill	- success rate of skill x/100
/--------------------------------------------------------------------------------------------------------------------------------------------------------------------------------------------------------------------------------------------------------------------------------------/
|	ID	iType	iIndex	iLevel	iLuck	iSkill	iOption	iExc	ExcFlag		iJoh	iSockBonus	iSock1	iSock2	iSock3	iSock4	iSock5		iSetopt	Expiry(day) Link-Box-iType	Link-Box-iIndex	Link-Box-iLevel	Rsvrd	Month	WDay	MDay	Hour	Minute |
/--------------------------------------------------------------------------------------------------------------------------------------------------------------------------------------------------------------------------------------------------------------------------------------/
// Exc 380 Weapons
	312	0	22	0	100	100	0	2	2		0	255		255	255	255	255	255		0	0		14		11		3		0	2	-1	4	10	30	
	313	0	23	0	100	100	0	2	2		0	255		255	255	255	255	255		0	0		14		11		3		0	2	-1	5	9	0	
	314	2	14	0	100	100	0	2	2		0	255		255	255	255	255	255		0	0		14		11		3		0	2	-1	13	11	0	
	315	4	21	0	100	100	0	2	2		0	255		255	255	255	255	255		0	0		14		11		3		0	2	-1	6	13	0	
	316	5	12	0	100	100	0	2	2		0	255		255	255	255	255	255		0	0		14		11		3		0	2	-1	14	14	30	
	317	5	19	0	100	100	0	2	2		0	255		255	255	255	255	255		0	0		14		11		3		0	2	-1	11	15	30	
	318	0	35	0	100	100	0	2	2		0	255		255	255	255	255	255		0	0		14		11		3		0	2	-1	8	17	30	
	319	0	22	0	100	100	0	2	2		0	255		255	255	255	255	255		0	0		14		11		3		0	2	-1	12	19	0	
// Socketed
	320	-1	57	0	100	0	0	0	0		0	255		254	254	254	254	254		0	0		14		11		3		0	2	-1	4	12	0			
	321	-1	58	0	100	0	0	0	0		0	255		254	254	254	254	254		0	0		14		11		3		0	2	-1	7	19	30			
	322	-1	74	0	100	0	0	0	0		0	255		254	254	254	254	254		0	0		14		11		3		0	2	-1	10	21	30			
	323	-1	75	0	100	0	0	0	0		0	255		254	254	254	254	254		0	0		14		11		3		0	2	-1	5	16	30			
	324	-1	76	0	100	0	0	0	0		0	255		254	254	254	254	254		0	0		14		11		3		0	2	-1	6	23	30
	325	-1	146	0	100	0	0	0	0		0	255		254	254	254	254	254		0	0		14		11		3		0	2	-1	8	23	30			
	326	-1	148	0	100	0	0	0	0		0	255		254	254	254	254	254		0	0		14		11		3		0	2	-1	13	23	30			
// Penta
	327	12	306	0	0	0	0	0	0		-1	255		254	254	254	254	255		0	0		14		11		3		0	2	-1	11	22	0			
	328	12	213	0	0	0	0	0	0		-1	255		254	254	254	254	255		0	0		14		11		3		0	2	-1	8	20	30			
	329	12	214	0	0	0	0	0	0		-1	255		254	254	254	254	255		0	0		14		11		3		0	2	-1	12	22	30			
// Errtel
	330	12	231	7	0	0	0	0	0		-1	255		1	-1	1	255	255		0	0		14		11		3		0	2	-1	7	6	0			
	331	12	241	7	0	0	0	0	0		-1	255		1	-1	1	255	255		0	0		14		11		3		0	2	-1	12	3	0			
	332	12	251	7	0	0	0	0	0		-1	255		1	-1	1	255	255		0	0		14		11		3		0	2	-1	10	10	30			
	333	12	261	7	0	0	0	0	0		-1	255		-1	-1	-1	255	255		0	0		14		11		3		0	2	-1	5	8	30
	334	12	221	10	0	0	0	0	0		-1	255		1	-1	1	255	255		0	0		14		11		3		0	2	-1	14	23	0			
// Ruuds
	335	14	288	0	0	0	0	0	0		0	255		255	255	255	255	255		0	0		14		11		3		0	2	-1	6	11	0
	336	14	288	0	0	0	0	0	0		0	255		255	255	255	255	255		0	0		14		11		3		0	2	-1	7	12	0
	337	14	288	0	0	0	0	0	0		0	255		255	255	255	255	255		0	0		14		11		3		0	2	-1	10	13	0
	338	14	288	0	0	0	0	0	0		0	255		255	255	255	255	255		0	0		14		11		3		0	2	-1	11	14	0
	339	14	288	0	0	0	0	0	0		0	255		255	255	255	255	255		0	0		14		11		3		0	2	-1	4	15	0
//
	340	12	307	0	0	0	0	0	0		-1	255		254	254	254	254	255		0	0		14		11		3		0	2	-1	9	22	0			
	341	14	288	0	0	0	0	0	0		0	255		255	255	255	255	255		0	0		14		11		3		0	2	-1	9	13	0
	342	12	221	10	0	0	0	0	0		-1	255		1	-1	1	255	255		0	0		14		11		3		0	2	-1	9	23	0			
	343	0	22	0	100	100	0	2	2		0	255		255	255	255	255	255		0	0		14		11		3		0	2	-1	13	19	0	
	344	0	35	0	100	100	0	2	2		0	255		255	255	255	255	255		0	0		14		11		3		0	2	-1	14	17	30	