; Item Rare Drop Event
; Month		- -1 All months / Specific value from 1 - 12
; WDay		- -1 All week days / Specific value from 0 (Sunday) to 6 (Saturday)
; MDay		- -1 All days / Specific value from 1 to 31
; Hour		- -1 All hours / Specific 0 to 23
; Minute	- 0 to 60
; ID		- unique number sequence
; iLuck		- success rate of luck x/100
; iSkill	- success rate of skill x/100
/--------------------------------------------------------------------------------------------------------------------------------------------------------------------------------------------------------------------------------------------------------------------------------------/
|	ID	iType	iIndex	iLevel	iLuck	iSkill	iOption	iExc	ExcFlag		iJoh	iSockBonus	iSock1	iSock2	iSock3	iSock4	iSock5		iSetopt	Expiry(day) Link-Box-iType	Link-Box-iIndex	Link-Box-iLevel	Rsvrd	Month	WDay	MDay	Hour	Minute |
/--------------------------------------------------------------------------------------------------------------------------------------------------------------------------------------------------------------------------------------------------------------------------------------/
// Exc 380 Weapons
	558	0	22	0	100	100	0	0	0		0	255		255	255	255	255	255		0	0		14		52		1		0	3	-1	8	10	0	
	559	0	23	0	100	100	0	0	0		0	255		255	255	255	255	255		0	0		14		52		2		0	3	-1	8	21	0	
	560	2	14	0	100	100	0	0	0		0	255		255	255	255	255	255		0	0		14		52		1		0	3	-1	9	3	0	
	561	4	21	0	100	100	0	0	0		0	255		255	255	255	255	255		0	0		14		52		2		0	3	-1	10	6	0	
	562	5	12	0	100	0	0	0	0		0	255		255	255	255	255	255		0	0		14		52		1		0	3	-1	11	9	0	
	563	5	19	0	100	0	0	0	0		0	255		255	255	255	255	255		0	0		14		52		2		0	3	-1	12	11	0	
	564	0	35	0	100	100	0	0	0		0	255		255	255	255	255	255		0	0		14		52		1		0	3	-1	10	13	0	
// Socket Weapons
	565	5	20	0	0	0	0	0	0		0	255		254	254	254	255	255		0	0		14		52		2		0	3	-1	12	5	0			
	566	0	26	0	100	100	0	0	0		0	255		254	254	254	255	255		0	0		14		52		1		0	3	-1	8	16	0	
	567	0	27	0	100	100	0	0	0		0	255		254	254	254	255	255		0	0		14		52		2		0	3	-1	9	19	0	
	568	0	28	0	100	100	0	0	0		0	255		254	254	254	255	255		0	0		14		52		1		0	3	-1	10	18	0	
	569	2	16	0	100	0	0	0	0		0	255		254	254	254	255	255		0	0		14		52		2		0	3	-1	11	21	0	
	570	2	17	0	100	100	0	0	0		0	255		254	254	254	255	255		0	0		14		52		1		0	3	-1	12	18	0	
	571	4	23	0	100	100	0	0	0		0	255		254	254	254	255	255		0	0		14		52		2		0	3	-1	11	15	0	
// condor flame and feather
	572	13	53	0	0	0	0	0	0		0	255		255	255	255	255	255		0	0		14		52		1		0	3	-1	8	2	0			
	573	13	53	0	0	0	0	0	0		0	255		255	255	255	255	255		0	0		14		52		2		0	3	-1	9	14	0			
//
	574	12	202	0	0	0	0	0	0		0	255		254	254	254	255	255		0	0		14		52		1		0	3	-1	7	23	0			
	575	12	204	0	0	0	0	0	0		0	255		254	254	254	255	255		0	0		14		52		2		0	3	-1	10	15	0	
	576	12	206	0	0	0	0	0	0		0	255		254	254	254	255	255		0	0		14		52		1		0	3	-1	12	21	0			