1634785206
97270931
1693486051
171739335
135131269
1830667321
1333907041
556201866
927859703
217290797
208594326
215038199
215002524
214946995
72728260
556201866
1999828779
2135703044
1957847172
1423164671
1126868038
176314314
//96341532
1615109567
1839965057
1998760777
1745013259
21353965
1744349480
//1138914407
2094455800
1349095690
1403446339
921605563
708389885
373459067
733467895
1039004413
2067524945
730714693
680583542
2004959696
102986554
962615467
415317153
435174200
45443193
102614772
2027890877
255397718
1601776623
95566159