// 겨울방학 이벤트 황금버지드래곤 아이템들..
// 무기
// type, index, level, skill, option
0 6 4 0 0 0 
0 7 4 0 0 0 
0 8 4 0 0 0 
0 9 4 0 0 0 
0 5 4 0 0 0 
1 3 4 0 0 0 
1 4 4 0 0 0 
1 5 4 0 0 0 
2 2 4 0 0 0 
3 6 4 0 0 0 
3 1 4 0 0 0 
3 3 4 0 0 0 
4 2 4 0 0 0 
4 10 4 0 0 0 
4 3 4 0 0 0 
5 1 4 0 0 0 
5 2 4 0 0 0 
6 6 4 0 0 0 
6 10 4 0 0 0 
6 3 4 0 0 0 
6 9 4 0 0 0 
7 0 4 0 0 0 
7 6 4 0 0 0 
7 4 4 0 0 0 
7 11 4 0 0 0 
8 0 4 0 0 0 
8 6 4 0 0 0 
8 4 4 0 0 0 
8 11 4 0 0 0 
9 0 4 0 0 0 
9 6 4 0 0 0 
9 4 4 0 0 0 
9 11 4 0 0 0 
10 0 4 0 0 0 
10 6 4 0 0 0 
10 4 4 0 0 0 
10 11 4 0 0 0 
11 0 4 0 0 0 
11 6 4 0 0 0 
11 4 4 0 0 0 
11 11 4 0 0 0 
14 14 0 0 0 0	// SOUL
12 15 0 0 0 0	// CHAOS