//############################################
// POWERED BY MU ENGINE                                    //
//                    WWW.MUENGINE.ORG                      //
//###########################################

// ExcOptFixed :
// 1 - Will Drop The Exact Number Of (Random) Exc Option You Set in MaxExc
// 0 - Will Drop Random Number Of Exc Options Between 0 And Number You Set in MaxExc

// Gold Box Rare Item Bag - Max 100 Lines
/----------------------------------------------------------------------------
|	Type	Index	Level	Luck	Skill	Option	MaxExc	ExcOptFixed
/----------------------------------------------------------------------------
	0	22	0	1	0	0	0	0	//胶俏农胶何明
	0	23	0	1	0	0	0	0	//胶俏农胶何明
	2	14	0	1	0	0	0	0	//胶俏农胶何明
	4	21	0	1	0	0	0	0	//胶俏农胶何明
	0	22	0	0	1	0	0	0	//胶俏农胶何明
	0	23	0	0	1	0	0	0	//胶俏农胶何明
	2	14	0	0	1	0	0	0	//胶俏农胶何明
	4	21	0	0	1	0	0	0	//胶俏农胶何明
	5	12	0	0	0	0	0	0	//胶俏农胶何明
//	5	19	0	0	0	0	0	0	//胶俏农胶何明
	12	141	0	0	0	0	0	0
	12	139	0	0	0	0	0	0
	12	142	0	0	0	0	0	0
	0	19	6	1	1	0	0	0	//胶俏农胶何明
	0	19	0	1	1	0	1	0	//胶俏农胶何明
	0	19	0	1	0	0	1	0	//胶俏农胶何明
	0	19	0	0	1	0	1	0	//胶俏农胶何明
	2	13	6	1	1	0	0	0	//胶俏农胶何明
//	2	13	0	1	1	0	1	0	//胶俏农胶何明
	2	13	0	1	0	0	1	0	//胶俏农胶何明
	2	13	0	0	1	0	1	0	//胶俏农胶何明
//	4	18	6	1	1	0	0	0	//胶俏农胶何明
	4	18	0	1	1	0	1	0	//胶俏农胶何明
	4	18	0	1	0	0	1	0	//胶俏农胶何明
	4	18	0	0	1	0	1	0	//胶俏农胶何明
	5	10	6	1	1	0	0	0	//胶俏农胶何明
//	5	10	0	1	1	0	1	0	//胶俏农胶何明
	5	10	0	1	0	0	1	0	//胶俏农胶何明
	5	10	0	0	1	0	1	0	//胶俏农胶何明