//############################################
// POWERED BY MU ENGINE                                    //
//                    WWW.MUENGINE.ORG                      //
//###########################################

//[Noria] Eo The Craftsman
//Type	Index	Level	Dur	Skill	Luck	Option		
							
7	13	3	0	0	1	1 	//정령헬멧
8	13	3	0	0	1	1 	//정령갑옷
9	13	3	0	0	1	1 	//정령바지
10	13	3	0	0	1	1 	//정령장갑
11	13	3	0	0	1	1 	//정령부츠
7	14	3	0	0	1	1 	//수호헬멧
8	14	3	0	0	1	1 	//수호갑옷
9	14	3	0	0	1	1 	//수호바지
10	14	3	0	0	1	1 	//수호장갑
11	14	3	0	0	1	1 	//수호부츠
// 일반 무기류							
4	8	1	0	1	1	1 	//석궁
4	9	3	0	1	1	1 	//황금석궁
4	0	0	0	1	1	1 	//단활
4	1	0	0	1	1	1 	//활
4	2	2	0	1	1	1 	//요정활
4	3	3	0	1	1	1 	//전투활
4	11	3	0	1	1	1 	//빛의석궁
4	4	3	0	1	1	1 	//타이거보우
4	10	3	0	1	1	1 	//아큐버스
// 일반 방패류							
6	3	3	0	1	1	1 	//요정방패
//
2	28	0	0	1	1	1 	//단활
0	41	0	1	0	0	0				
end							
