1
1	11	100	0	0	0	13	43	0	0	1	1	0	0	0	1	10080	0	300	111 1	113
2	11	101	0	0	0	13	44	0	0	1	1	0	0	0	1	10080	0	350	111 2	114
92	11	191	0	0	0	13	62	0	0	0	0	0	0	0	1	10080	0	400	111 92	204
93	11	192	0	0	0	13	63	0	0	0	0	0	0	0	1	10080	0	400	111 93	205
95	11	194	0	0	0	13	69	0	0	0	0	0	0	0	0	0	0	10	111 95	207
88	11	187	0	0	0	13	81	0	0	0	0	0	0	0	0	0	0	30	111 88	200
89	11	188	0	0	0	13	82	0	0	0	0	0	0	0	0	0	0	30	111 89	201
3	11	102	0	0	0	13	93	0	0	1	1	0	0	0	1	10080	0	400	111 3	115
4	11	103	0	0	0	13	94	0	0	1	1	0	0	0	1	10080	0	450	111 4	116
5	11	104	0	0	0	13	135	0	0	1	1	0	0	0	0	0	0	2500	111 5	117
6	11	105	0	0	0	13	136	0	0	1	1	0	0	0	0	0	0	2500	111 6	118
7	11	106	0	0	0	13	137	0	0	1	1	0	0	0	0	0	0	2500	111 7	119
8	11	107	0	0	0	13	138	0	0	1	1	0	0	0	0	0	0	2500	111 8	120
9	11	108	0	0	0	13	139	0	0	1	1	0	0	0	0	0	0	2500	111 9	121
10	11	109	0	0	0	13	140	0	0	1	1	0	0	0	0	0	0	4000	111 10	122
11	11	110	0	0	0	13	141	0	0	1	1	0	0	0	0	0	0	4000	111 11	123
12	11	111	0	0	0	13	142	0	0	1	1	0	0	0	0	0	0	4000	111 12	124
13	11	112	0	0	0	13	143	0	0	1	1	0	0	0	0	0	0	4000	111 13	125
14	11	113	0	0	0	13	144	0	0	1	1	0	0	0	0	0	0	4000	111 14	126
15	11	114	0	0	0	14	53	0	0	1	1	0	0	0	0	0	0	150	111 15	127
16	11	115	0	0	0	14	78	0	0	1	1	0	0	0	1	14400	0	500	111 16	128
17	11	116	0	0	0	14	79	0	0	1	1	0	0	0	1	14400	0	500	111 17	129
18	11	117	0	0	0	14	80	0	0	1	1	0	0	0	1	14400	0	500	111 18	130
19	11	118	0	0	0	14	81	0	0	1	1	0	0	0	1	14400	0	500	111 19	131
20	11	119	0	0	0	14	82	0	0	1	1	0	0	0	1	14400	0	500	111 20	132
21	11	120	0	0	0	14	91	0	0	1	1	0	0	0	0	0	0	500	111 21	133
23	11	122	0	0	0	14	114	0	0	1	1	0	0	0	0	0	0	750	111 23	135
24	11	123	0	0	0	14	115	0	0	1	1	0	0	0	0	0	0	1000	111 24	136
25	11	124	0	0	0	14	147	0	0	1	1	0	0	0	0	0	0	100	111 25	137
26	11	125	0	0	0	14	148	0	0	1	1	0	0	0	0	0	0	300	111 26	138
27	11	126	0	0	0	14	149	0	0	1	1	0	0	0	0	0	0	1000	111 27	139
28	11	127	0	0	0	14	160	0	0	1	1	0	0	0	0	0	0	100	111 28	140
29	11	128	0	0	0	14	161	0	0	1	1	0	0	0	0	0	0	100	111 29	141
30	11	129	0	0	0	14	162	0	0	1	1	0	0	0	0	0	0	2500	111 30	142
31	11	130	0	0	0	14	163	0	0	1	1	0	0	0	0	0	0	2000	111 31	143
32	11	131	0	0	0	14	169	0	0	1	1	0	0	0	0	0	0	1000	111 32	144
33	12	132	0	0	0	13	15	1	0	1	1	0	0	0	0	0	0	70	111 33	145
34	12	133	0	0	0	13	15	2	0	1	1	0	0	0	0	0	0	70	111 34	146
35	12	134	0	0	0	13	15	3	0	1	1	0	0	0	0	0	0	70	111 35	147
36	12	135	0	0	0	13	15	0	0	1	1	0	0	0	0	0	0	70	111 36	148
37	12	136	0	0	0	13	15	4	0	1	1	0	0	0	0	0	0	70	111 37	149
104	12	203	0	0	0	13	109	0	30	0	0	0	0	0	1	10080	0	200	111 104	216
106	12	205	0	0	0	13	110	0	30	0	0	0	0	0	1	10080	0	200	111 106	218
107	12	206	0	0	0	13	112	0	30	0	0	0	0	0	1	10080	0	200	111 107	219
108	12	207	0	0	0	13	113	0	30	0	0	0	0	0	1	10080	0	250	111 108	220
109	12	208	0	0	0	13	114	0	30	0	0	0	0	0	1	10080	0	200	111 109	221
110	12	209	0	0	0	13	115	0	30	0	1	0	0	0	1	10080	0	100	111 110	222
38	13	137	0	0	0	13	64	0	0	1	1	0	0	0	1	10080	0	150	111 38	150
39	13	138	0	0	0	13	65	0	0	1	1	0	0	0	1	10080	0	150	111 39	151
40	13	139	0	0	0	13	76	0	0	1	1	0	0	0	0	0	0	180	111 40	152
41	13	140	0	0	0	13	80	0	0	1	1	0	0	0	1	10080	0	180	111 41	153
90	13	189	0	0	0	13	106	0	255	0	0	0	0	0	1	10080	0	100	111 90	202
42	13	141	0	0	0	13	122	0	0	1	1	0	0	0	0	0	0	200	111 42	154
43	13	142	0	0	0	13	123	0	0	1	1	0	0	0	1	10080	0	200	111 43	155
44	14	143	0	0	0	12	130	0	0	1	1	0	0	0	0	0	0	199	111 44	156
45	14	144	0	0	0	12	131	0	0	1	1	0	0	0	0	0	0	199	111 45	157
46	14	145	0	0	0	12	132	0	0	1	1	0	0	0	0	0	0	199	111 46	158
47	14	146	0	0	0	12	133	0	0	1	1	0	0	0	0	0	0	199	111 47	159
48	14	147	0	0	0	12	134	0	0	1	1	0	0	0	0	0	0	199	111 48	160
91	14	190	0	0	0	12	135	0	0	1	1	0	0	0	0	0	0	199	111 91	203
103	15	202	0	0	0	13	46	0	10	0	0	0	0	0	0	0	0	250	111 103	215
102	15	201	0	0	0	13	47	0	10	0	0	0	0	0	0	0	0	250	111 102	214
105	15	204	0	0	0	13	61	0	0	0	0	0	0	0	0	0	0	250	111 105	217
96	15	195	0	0	0	13	66	0	10	0	0	0	0	0	0	0	0	500	111 96	208
97	16	196	0	0	0	14	70	0	1	0	0	0	0	0	0	0	0	400	111 97	209
98	16	197	0	0	0	14	71	0	1	0	0	0	0	0	0	0	0	100	111 98	210
99	17	198	0	0	0	14	85	0	1	0	0	0	0	0	0	0	0	50	111 99	211
100	17	199	0	0	0	14	86	0	1	0	0	0	0	0	0	0	0	100	111 100	212
101	17	200	0	0	0	14	87	0	1	0	0	0	0	0	0	0	0	150	111 101	213
49	19	148	0	0	0	13	15	2	0	1	1	0	0	0	0	0	1	70	111 49	161
50	19	149	0	0	0	13	15	3	0	1	1	0	0	0	0	0	1	70	111 50	162
51	19	150	0	0	0	13	15	0	0	1	1	0	0	0	0	0	1	70	111 51	163
52	19	151	0	0	0	13	15	1	0	1	1	0	0	0	0	0	1	70	111 52	164
53	19	152	0	0	0	13	15	4	0	1	1	0	0	0	0	0	1	70	111 53	165
54	20	153	0	0	0	13	64	0	0	1	1	0	0	0	0	0	1	150	111 54	166
55	20	154	0	0	0	13	65	0	0	1	1	0	0	0	0	0	1	150	111 55	167
56	20	155	0	0	0	13	76	0	0	1	1	0	0	0	0	0	1	180	111 56	168
57	20	156	0	0	0	13	80	0	0	1	1	0	0	0	0	0	1	150	111 57	169
58	20	157	0	0	0	13	122	0	0	1	1	0	0	0	0	0	1	200	111 58	170
59	20	158	0	0	0	13	123	0	0	1	1	0	0	0	0	0	1	200	111 59	171
60	23	159	0	0	0	12	30	0	0	1	1	0	0	0	0	0	0	0	111 60	172
61	23	160	0	0	0	12	31	1	0	1	1	0	0	0	0	0	0	0	111 61	173
62	24	161	0	0	0	12	3	0	0	0	1	0	4	0	0	0	0	0	111	62	174
63	24	162	0	0	0	12	4	0	0	0	1	0	4	0	0	0	0	0	111	63	175
64	24	163	0	0	0	12	5	0	0	0	1	0	4	0	0	0	0	0	111	64	176
65	24	164	0	0	0	12	6	0	0	0	1	0	4	0	0	0	0	0	111	65	177
66	24	165	0	0	0	12	42	0	0	0	1	0	4	0	0	0	0	0	111	66	178
67	24	166	0	0	0	12	49	0	0	0	1	0	4	0	0	0	0	0	111	67	179
68	24	167	0	0	0	13	30	0	0	0	1	0	4	0	0	0	0	0	111	68	180
69	25	168	0	0	0	0	14	0	0	1	1	0	0	5	0	0	0	0	111 69	181
70	25	169	0	0	0	4	5	0	0	1	1	0	0	5	0	0	0	0	111 70	182
71	25	170	0	0	0	7	1	0	0	0	1	0	0	5	0	0	0	0	111 71	183
72	25	171	0	0	0	7	3	0	0	0	1	0	0	5	0	0	0	0	111 72	184
73	25	172	0	0	0	8	3	0	0	0	1	0	0	5	0	0	0	0	111 73	185
74	25	173	0	0	0	8	14	0	0	0	1	0	0	5	0	0	0	0	111 74	186
75	25	174	0	0	0	10	1	0	0	0	1	0	0	5	0	0	0	0	111 75	187
76	25	175	0	0	0	10	3	0	0	0	1	0	0	5	0	0	0	0	111 76	188
77	25	176	0	0	0	10	14	0	0	0	1	0	0	5	0	0	0	0	111 77	189
78	25	177	0	0	0	11	1	0	0	0	1	0	0	5	0	0	0	0	111 78	190
79	25	178	0	0	0	11	14	0	0	0	1	0	0	5	0	0	0	0	111 79	191
80	25	179	0	0	0	13	21	0	0	0	0	0	0	5	0	0	0	0	111 80	192
81	25	180	0	0	0	13	28	0	0	0	0	0	0	5	0	0	0	0	111 81	193
82	26	181	0	0	0	0	22	9	0	1	1	0	0	0	0	0	0	0	111 82	194
83	26	182	0	0	0	0	23	9	0	1	1	0	0	0	0	0	0	0	111 83	195
84	26	183	0	0	0	2	14	9	0	1	1	0	0	0	0	0	0	0	111 84	196
85	26	184	0	0	0	4	21	9	0	1	1	0	0	0	0	0	0	0	111 85	197
86	26	185	0	0	0	5	12	9	0	0	1	0	0	0	0	0	0	0	111 86	198
87	26	186	0	0	0	5	19	9	0	0	1	0	0	0	0	0	0	0	111 87	199
22	27	121	0	0	0	14	96	0	0	0	0	0	0	0	0	0	0	0	111 22	134
end
