																									
//abattleinfo																									
																									
//					Interim Compensation							final reward													
//구분	MobLvl(5)	hp(5명)	Attack(5)	Def(5)	idx	item1	rate	item2	rate	item3	rate	idx	item1	rate	item2	rate	item3	rate	item4	rate	item5	rate	item6	rate	final-experience
//INDEX																									
0																									
0	0.3	0.5	0.3	0.3	1	12	500000	13	700000	14	10000	5	4	500000	8	500000	13	600000	14	300000	13	600000	14	300000	120000
1	0.5	1.2	0.4	0.4	1	12	500000	13	700000	14	10000	5	4	500000	8	500000	13	600000	14	300000	13	600000	14	300000	150000
2	0.6	1.9	0.5	0.5	1	12	500000	13	700000	14	10000	5	4	500000	8	500000	13	600000	14	300000	13	600000	14	300000	250000
3	0.7	2.7	0.6	0.7	1	12	500000	13	700000	14	10000	5	4	500000	8	500000	13	600000	14	300000	13	600000	14	300000	280000
4	0.85	3.2	0.7	0.9	1	12	500000	13	700000	14	10000	5	4	500000	8	500000	13	600000	14	300000	13	600000	14	300000	300000
5	0.9	5.7	0.8	1.1	1	12	500000	13	700000	14	10000	5	4	500000	8	500000	13	600000	14	300000	13	600000	14	300000	320000
6	1	7.5	0.9	1.6	1	12	500000	13	700000	14	10000	5	4	500000	8	500000	13	600000	14	300000	15	7	16	2	340000
end																									
																									
// 레벨별 입장등급																									
1
0	50	179	50	179																					
1	180	269	180	269																					
2	270	349	270	349																					
3	350	399	350	399																					
4	400	500	400	500																					
5	501	650	501	650																					
6	651	820	651	820																					
end

// Play time should be 3 minutes ahead of Ready time
2																									
//NotifyHr	NotifyMin	ReadyHr		ReadyMin	PlayHr	PlayMin
18		3		18		8		18	11																				
end