////////////////////////////////////////////////////////////////////////////////																											
// Text Ver. 1.0.7.4																											
// Version 1.01  - T辑滚																											
// Version 1.01  - M辑滚																											
// 弥辆 累诀磊 - 捞刮沥																											
// 弥辆 累诀老 - 2006-01-20  3:38:04 PM																											
// 郴侩: 惯坊鸥牢单捞 捞亥飘 包访 酒捞袍 眠啊(14 32,33,34)																											
////////////////////////////////////////////////////////////////////////////////																											
																											
// 利俊霸傍拜单固瘤       = 唱狼傍拜单固瘤 - 利狼规绢仿																											
// 利俊霸傍拜己傍啦       = 唱狼傍拜己傍啦 - 利狼规绢己傍啦																											
// 利栏肺何磐狼规绢己傍啦 = 唱狼规绢己傍啦 - 利狼傍拜己傍啦																											
																											
// 技飘加己  (1:塞, 2:刮酶己, 3:俊呈瘤, 4:眉仿)																											
// itemSlot  (-1: 扁夯汲沥, 0:坷弗颊公扁, 1:哭颊公扁, 2:秋镐, 3:癌渴, 4:官瘤, 5:厘癌, 6:何明, 7:朝俺, 8:焊炼蜡粗, 9:格吧捞, 10:馆瘤)																											
// skilltype (0:胶懦绝澜, skill.txt俊 乐绰 胶懦Index栏肺 汲沥)																											
																											
// sirial : 老访 锅龋甫 持阑 巴牢啊?																											
// 可记 : 可记捞 嘿阑 巴牢啊?																											
// 各俊霸辑 救冻绢瘤绰 酒捞袍牢啊?																											
//Index									     level				     MagicDur													
//ItemSlot SkillType	x	y  sirial  option	drop	Name	  	     DamMin  DamMax	Speed	Dur	   MagicPW   NLvl    Str	Dex	Eng	Hea	Cha	set    	法师	战士	精灵	魔剑	圣导
0																											
0	0	0	1	2	1	1	1	"波刃剑"	6	6	11	50	20	0	0	0	40	40	0	0	0	1	1	1	1	1	1
1	0	0	1	3	1	1	1	"短剑"	3	3	7	20	22	0	0	0	60	0	0	0	0	1	1	1	1	1	1
2	0	0	1	3	1	1	1	"西洋剑"	9	9	15	40	23	0	0	0	50	40	0	0	0	1	0	1	1	1	1
3	0	20	1	3	1	1	1	"东洋刀"	16	16	26	35	27	0	0	0	80	40	0	0	0	1	0	1	0	1	1
4	0	21	1	3	1	1	1	"暗杀者"	12	12	18	30	24	0	0	0	60	40	0	0	0	1	0	1	0	1	1
5	0	22	1	3	1	1	1	"极光刀"	36	36	47	30	39	0	0	0	80	50	0	0	0	1	1	1	1	1	1
6	0	20	1	3	1	1	1	"拉丁剑"	20	20	30	20	30	0	0	0	110	0	0	0	0	1	0	1	1	1	1
7	0	21	1	3	1	1	1	"偃月刀"	24	24	34	25	34	0	0	0	120	0	0	0	0	1	0	1	0	1	1
8	0	21	1	3	1	1	1	"巨蛇魔剑"	30	30	40	20	36	0	0	0	130	0	0	0	0	1	0	1	0	1	1
9	0	20	2	3	1	1	1	"背叛者"	32	32	46	30	40	0	0	0	103	0	0	0	0	1	0	1	0	1	0
10	0	22	2	4	1	1	1	"天行者"	40	47	61	25	50	0	0	0	80	60	0	0	0	1	0	1	1	1	0
11	0	20	2	3	1	1	1	"传说之剑"	44	56	72	20	54	0	0	0	120	0	0	0	0	1	0	1	0	1	0
12	0	19	2	3	1	1	1	"太阳之剑"	56	73	98	25	66	0	0	0	140	0	0	0	0	1	0	1	0	1	0
13	0	22	1	3	1	1	1	"真红之剑"	48	48	56	30	43	0	0	0	70	70	0	0	0	1	0	1	1	1	0
14	0	22	1	3	1	1	1	"雷神之剑"	59	59	67	30	50	0	0	0	90	50	0	0	0	1	0	1	1	1	0
15	0	23	2	3	1	1	1	"帝王之剑"	52	60	85	20	60	0	0	0	140	0	0	0	0	1	0	1	0	1	0
16	0	22	1	4	1	1	1	"破坏之剑"	82	82	90	35	84	0	0	0	160	60	0	0	0	1	0	1	0	1	0
17	0	23	2	4	1	1	1	"屠龙刀"	104	128	153	40	89	0	0	0	180	50	0	0	0	1	0	2	0	0	0
18	0	23	2	3	1	1	1	"奔雷剑"	105	140	168	40	86	0	0	0	180	50	0	0	0	1	0	0	0	1	0
19	0	22	1	4	1	1	0	"大天使之剑"  86	120	130	35	168	0	0	0	140	50	0	0	0	0	0	1	0	1	1
20	0	22	1	4	1	1	1	"断月之光"	140	107	115	35	90	0	0	0	116	38	0	0	0	1	0	2	0	0	0
21	0	56	2	4	1	1	1	"魔神剑"	140	115	142	40	100	0	115	0	116	53	9	0	0	1	0	0	0	1	0
22	0	22	1	4	1	1	1	"龙骨巨晶剑"	147	122	135	40	95	0	0	380	100	35	0	0	0	0	0	2	0	0	0
23	0	56	2	4	1	1	1	"傲天魔剑"	147	127	155	45	110	0	134	380	98	48	7	0	0	0	0	0	0	1	0
24      0       22 	2	4	1	1	1	"暴风锯齿"	115	182	218	40	90	0	0	0	144	26     0	0	0	1	0	2	0	0	0																				
25	0	56	2	4	1	1	1	"烈火巨刃"	115	109	136	40	90	0	0	108	136	57	9	0	0	1	0	0	0	1	0
31	0	56	2	4	1	1	1	"天雷剑"	100	104	130	35	93	0	104	0	135	62	9	0	0	3	0	0	0	1	0
end																											
																											
1																											
0	0	0	1	3	1	1	1	"　短斧"	1	1	6	20	18	0	0	0	50	0	0	0	0	1	1	1	1	1	1
1	0	0	1	3	1	1	1	"　手斧"	4	4	9	30	20	0	0	0	70	0	0	0	0	1	1	1	1	1	1
2	0	19	1	3	1	1	1	"双刃斧"	14	14	24	20	26	0	0	0	90	0	0	0	0	1	0	1	0	1	1
3	0	19	1	3	1	1	1	"飞翔斧"	18	18	28	30	28	0	0	0	100	0	0	0	0	1	0	1	0	1	1
4	0	0	1	3	1	1	1	"精灵之斧"	26	26	38	40	32	0	0	0	50	70	0	0	0	1	1	0	1	1	0
5	0	19	2	3	1	1	1	"战士之斧"	30	36	44	20	36	0	0	0	120	0	0	0	0	1	0	1	1	1	0
6	0	19	2	3	1	1	1	"斗士之斧"	34	38	50	30	44	0	0	0	130	0	0	0	0	1	0	1	1	1	0
7	0	19	2	3	1	1	1	"斗神之斧"	46	54	67	25	55	0	0	0	140	0	0	0	0	1	0	1	0	1	0
8	0	19	2	3	1	1	1	"末日之斧"	54	69	89	30	65	0	0	0	100	40	0	0	0	1	1	1	0	1	0
end																											
																											
2																											
0	0	0	1	3	1	1	1	"　石槌"	7	7	13	15	21	0	0	0	100	0	0	0	0	1	0	1	0	1	1
1	0	19	1	3	1	1	1	"流星槌"	13	13	22	15	25	0	0	0	100	0	0	0	0	1	0	1	0	1	1
2	0	0	1	3	1	1	1	"破坏之槌"	22	22	32	15	32	0	0	0	80	50	0	0	0	1	0	1	0	1	1
3	0	19	2	3	1	1	1	"白金之槌"	38	45	56	15	50	0	0	0	150	0	0	0	0	1	0	1	0	1	0
4	0	19	2	3	1	1	1	"水晶流星"	66	78	107	30	72	0	0	0	130	0	0	0	0	1	1	1	1	1	0
5	0	23	2	4	1	1	1	"玄冰剑"	72	89	120	40	76	0	0	0	130	70	0	0	0	1	1	1	1	1	0
6	0	23	2	4	1	1	0	"玛雅龙斧"	75	102	130	35	80	0	0	0	140	50	0	0	0	0	0	1	0	1	0
7	0	0	1	3	1	1	1	"精灵之槌"	90	62	80	50	50	0	0	0	15	42	0	0	0	1	0	0	2	0	0
8	0	66	1	3	1	1	1	"战斗权杖"	54	41	52	45	40	0	3	0	80	17	0	0	0	1	0	0	0	0	1
9	0	66	1	3	1	1	1	"征服权杖"	72	57	68	45	45	0	20	0	87	18	0	0	0	1	0	0	0	0	1
10	0	66	1	4	1	1	1	"圣剑权杖"	82	74	85	45	65	0	35	0	100	21	0	0	0	1	0	0	0	0	1
11	0	66	1	4	1	1	1	"王者权杖"	98	91	102	40	72	0	52	0	105	23	0	0	0	1	0	0	0	0	1
12	0	66	1	4	1	1	1	"至尊权杖"	140	108	120	40	84	0	67	0	90	20	0	0	0	1	0	0	0	0	1
13	0	66	1	4	1	1	0	"大天使绝权杖"	150	120	143	40	90	0	78	0	75	16	0	0	0	1	0	0	0	0	1
//13	0	0	1	3	1	1	1	"大天使绝权杖"	0	0	0	0	0	0	0	0	0	0	0	0	0	1	0	0	2	0	0
14	0	66	1	4	1	1	1	"圣尊天使之仗"	146	130	153	40	95	0	84	380	80	15	0	0	0	0	0	0	0	0	1
15	0	66	1	4	1	1	1	"圣光权杖"	110	99	111	40	78	0	0	60	108	22	0	0	0	1	0	0	0	0	1
end																											
																											
3																											
0	0	22	2	4	1	1	1	"黑武士"	42	50	63	25	56	0	0	0	60	70	0	0	0	1	0	1	1	1	0
1	0	0	2	4	1	1	1	"鹤嘴矛"	23	30	41	30	42	0	0	0	70	50	0	0	0	1	0	1	1	1	0
2	0	0	2	4	1	1	1	"　战矛"	15	21	33	30	34	0	0	0	70	50	0	0	0	1	0	1	1	1	0
3	0	0	2	4	1	1	1	"双鹤矛"	29	35	43	25	44	0	0	0	90	30	0	0	0	1	0	1	1	1	0
4	0	20	2	4	1	1	1	"巨蛇镰刀"	46	58	80	20	58	0	0	0	90	30	0	0	0	1	0	1	1	1	0
5	0	0	2	4	1	1	1	"双刃矛"	13	19	31	30	38	0	0	0	70	50	0	0	0	1	0	1	1	1	0
6	0	0	2	4	1	1	1	"斧刃矛"	19	25	35	30	40	0	0	0	70	50	0	0	0	1	0	1	1	1	0
7	0	22	2	4	1	1	1	"巴迪之矛"	37	42	54	30	54	0	0	0	80	50	0	0	0	1	0	1	1	1	0
8	0	22	2	4	1	1	1	"帝王镰刀"	54	71	92	25	68	0	0	0	90	50	0	0	0	1	0	1	1	1	0
9	0	22	2	4	1	1	1	"死神镰刀"	63	76	102	25	74	0	0	0	80	50	0	0	0	1	0	1	1	1	0
10	0	22	2	4	1	1	1	"青龙刀"	92	112	140	35	85	0	0	0	170	60	0	0	0	1	0	2	0	0	0
end																											
																											
4																											
0	1	24	2	3	1	1	1	"　短弓"	2	3	5	30	20	0	0	0	20	80	0	0	0	2	0	0	1	0	0
1	1	24	2	3	1	1	1	"　长弓"	8	9	13	30	24	0	0	0	30	90	0	0	0	2	0	0	1	0	0
2	1	24	2	3	1	1	1	"精灵之弓"	16	17	24	30	28	0	0	0	30	90	0	0	0	2	0	0	1	0	0
3	1	24	2	3	1	1	1	"巴特之弓"	26	28	37	30	36	0	0	0	30	90	0	0	0	2	0	0	1	0	0
4	1	24	2	4	1	1	1	"黄金之虎"	40	42	52	30	43	0	0	0	30	100	0	0	0	2	0	0	1	0	0
5	1	24	2	4	1	1	1	"银翼之弓"	56	59	71	40	48	0	0	0	30	100	0	0	0	2	0	0	1	0	0
6	1	24	2	4	1	1	0	"玛雅神弓"	75	88	106	35	68	0	0	0	40	150	0	0	0	0	0	0	1	0	0
7	1	0	1	1	0	0	0	"　弩箭"	0	0	0	0	255	0	0	0	0	0	0	0	0	0	0	0	1	0	0
8	0	24	2	2	1	1	1	"　石弩"	4	5	8	40	22	0	0	0	20	90	0	0	0	2	0	0	1	0	0
9	0	24	2	2	1	1	1	"黄金石弩"	12	13	19	40	26	0	0	0	30	90	0	0	0	2	0	0	1	0	0
10	0	24	2	2	1	1	1	"火神弩"	20	22	30	40	31	0	0	0	30	90	0	0	0	2	0	0	1	0	0
11	0	24	2	3	1	1	1	"巨人弩"	32	35	44	40	40	0	0	0	30	90	0	0	0	2	0	0	1	0	0
12	0	24	2	3	1	1	1	"诱惑之弩"	48	50	61	40	45	0	0	0	30	100	0	0	0	2	0	0	1	0	0
13	0	24	2	3	1	1	1	"蓝翎弩"	68	68	82	40	56	0	0	0	40	110	0	0	0	2	0	0	1	0	0
14	0	24	2	3	1	1	1	"温蒂妮"	72	78	92	30	60	0	0	0	50	130	0	0	0	2	0	0	1	0	0
15	0	0	1	1	0	0	0	"　弓箭"	0	0	0	0	255	0	0	0	0	0	0	0	0	0	0	0	1	0	0
16	0	24	2	4	1	1	1	"圣者之弩"	84	102	127	35	72	0	0	0	50	160	0	0	0	2	0	0	1	0	0
17	1	24	2	4	1	1	1	"圣灵之弓"	92	127	155	35	76	0	0	0	54	198	0	0	0	2	0	0	2	0	0
18	0	24	2	3	1	1	0	"大天使之弩"	100	144	166	35	200	0	0	0	40	110	0	0	0	0	0	0	1	0	0
19	0	24	2	3	1	1	1	"追月神弩"	100	150	172	40	80	0	0	0	61	285	0	0	0	2	0	0	2	0	0
20	1	24	2	4	1	1	1	"红羽神弓"	135	166	190	45	86	0	0	0	52	245	0	0	0	2	0	0	2	0	0
21	1	24	2	4	1	1	1	"紫焰之弓"	147	177	200	45	93	0	0	380	46	210	0	0	0	0	0	0	2	0	0
22	1	24	2	4	1	1	1	"碧影魔弓"	110	155	177	45	70	0	0	0	60	265	0	0	0	0	0	0	2	0	0
end																											
																											
5																											
0	0	0	1	3	1	1	1	"骷髅杖"	6	3	4	20	0	20	6	0	40	0	0	0	0	3	1	0	0	1	0
1	0	0	2	3	1	1	1	"天使杖"	18	10	12	25	0	38	20	0	50	0	0	0	0	3	1	0	0	1	0
2	0	0	2	3	1	1	1	"毒蛇杖"	30	17	18	25	0	50	34	0	50	0	0	0	0	3	1	0	0	1	0
3	0	0	2	4	1	1	1	"闪电杖"	42	23	25	25	0	60	46	0	40	10	0	0	0	3	1	0	0	1	0
4	0	0	2	4	1	1	1	"戈登之杖"	52	29	32	25	0	65	58	0	50	0	0	0	0	3	1	0	0	1	0
5	0	0	1	4	1	1	1	"传说之杖"	59	29	31	20	0	66	59	0	50	0	0	0	0	3	1	0	0	1	0
6	0	0	1	4	1	1	1	"复活之杖"	70	35	39	20	0	70	70	0	60	10	0	0	0	3	1	0	0	1	0
7	0	0	2	4	1	1	0	"玛雅雷杖"	75	47	48	30	0	70	94	0	60	10	0	0	0	0	1	0	0	1	0
8	0	0	2	4	1	1	1	"毁灭之杖"	90	50	54	30	0	85	101	0	60	10	0	0	0	3	1	0	0	1	0
9	0	0	1	4	1	1	1	"麒麟之杖"	100	46	48	30	0	91	92	0	52	16	0	0	0	3	2	0	0	0	0
10	0	0	1	4	1	1	0	"大天使之杖"	104	53	55	20	0	182	106	0	36	4	0	0	0	0	1	0	0	1	0
11	0	0	1	4	1	1	1	"昆顿之杖"	140	55	61	30	0	95	110	0	45	16	0	0	0	0	2	0	0	0	0
12	0	0	1	4	1	1	1	"死神之仗"	147	66	74	30	0	100	130	380	39	13	0	0	0	0	2	0	0	0	0
13	0	0	1	4	1	1	1	"幻月雷杖"	110	51	53	30	0	78	120	0	50	16	0	0	0	0	2	0	0	0	0
end																											
																											
//Index	ItemSlot	SkillType	x	y	sirial	option	drop	Name	Level	Defence	Defence2		Dur			NeedLevel	Str	Dex	Eng	Hea	Cha						
6																											
0	1	0	2	2	1	1	1	"  圆盾"	3	1	3		22			0	70	0	0	0	0	4	1	1	1	1	1
1	1	0	2	2	1	1	1	"战士之盾"	9	3	9		28			0	100	0	0	0	0	4	0	1	0	1	1
2	1	0	2	2	1	1	1	"风之盾"	12	4	12		32			0	110	0	0	0	0	4	0	1	0	1	1
3	1	0	2	2	1	1	1	"魔法之盾"	21	8	21		36			0	30	100	0	0	0	4	0	0	1	0	0
4	1	18	2	2	1	1	1	"钢铁之盾"	6	2	6		24			0	80	0	0	0	0	4	1	1	1	1	1
5	1	18	2	2	1	1	1	"龙之盾"	35	10	36		44			0	100	40	0	0	0	4	0	1	0	1	1
6	1	18	2	2	1	1	1	"骷髅之盾"	15	5	15		34			0	110	0	0	0	0	4	1	1	1	1	1
7	1	18	2	2	1	1	1	"尖刺之盾"	30	9	30		40			0	130	0	0	0	0	4	0	1	0	1	1
8	1	18	2	2	1	1	1	"失落之盾"	40	11	40		46			0	130	0	0	0	0	4	0	1	1	1	1
9	1	18	2	2	1	1	1	"远古之盾"	25	8	25		38			0	120	0	0	0	0	4	0	1	0	1	1
10	1	18	2	2	1	1	1	"自由之盾"	18	6	18		35			0	120	0	0	0	0	4	0	1	0	1	1
11	1	18	2	2	1	1	1	"毒蛇之盾"	45	12	45		48			0	130	0	0	0	0	4	0	1	1	1	1
14	1	0	2	3	1	1	1	"传说之盾"	48	7	48		50			0	90	25	0	0	0	4	1	0	1	1	0
12	1	18	2	2	1	1	1	"布朗司"	54	13	54		52			0	140	0	0	0	0	4	0	1	0	1	0
13	1	18	2	2	1	1	1	"火龙之盾"	60	14	60		60			0	120	40	0	0	0	4	0	1	0	1	0
15	1	0	2	3	1	1	1	"麒麟之盾"	74	12	55		55			0	70	23	0	0	0	4	2	0	0	0	0
16	1	0	2	2	1	1	1	"精灵之盾"	66	11	28		51			0	30	60	30	0	0	4	0	0	2	0	0
end																											
//Index																											
//ItemSlotSkillType	x	y	sirial	option	drop	Name		Level	Defence	MagDef		Dur		NeedLevel	Str	Dex	Eng	Hea	Cha						
7																											
0	2	0	2	2	1	1	1	"青铜盔"	16	9	0		34			0	80	20	0	0	0	4	0	1	0	0	1
1	2	0	2	2	1	1	1	"龙王之盔"	57	24	0		68			0	120	30	0	0	0	4	0	1	0	0	0
2	2	0	2	2	1	1	1	"  革盔"	5	4	0		28			0	20	0	0	0	0	4	1	0	0	0	0
3	2	0	2	2	1	1	1	"传说之盔"	50	18	0		42			0	30	0	0	0	0	4	1	0	0	0	0
4	2	0	2	2	1	1	1	"骷髅头盔"	18	9	0		30			0	30	0	0	0	0	4	1	0	0	0	0
5	2	0	2	2	1	1	1	"  皮盔"	6	5	0		30			0	80	0	0	0	0	4	0	1	0	0	1
6	2	0	2	2	1	1	1	"翡翠盔"	26	12	0		40			0	110	0	0	0	0	4	0	1	0	0	1
7	2	0	2	2	1	1	1	"魔王之盔"	32	13	0		36			0	30	0	0	0	0	4	1	0	0	0	0
8	2	0	2	2	1	1	1	"黄金盔"	36	17	0		44			0	100	30	0	0	0	4	0	1	0	0	0
9	2	0	2	2	1	1	1	"白金盔"	46	20	0		50			0	130	0	0	0	0	4	0	1	0	0	0
10	2	0	2	2	1	1	1	"  藤盔"	6	4	0		22			0	30	60	0	0	0	4	0	0	1	0	0
11	2	0	2	2	1	1	1	"天蚕之盔"	16	8	0		26			0	30	70	0	0	0	4	0	0	1	0	0
12	2	0	2	2	1	1	1	"风之盔"	28	12	0		32			0	30	80	0	0	0	4	0	0	1	0	0
13	2	0	2	2	1	1	1	"精灵之盔"	40	16	0		38			0	40	80	0	0	0	4	0	0	1	0	0
14	2	0	2	2	1	1	1	"女神之盔"	53	23	0		45			0	40	80	0	0	0	4	0	0	1	0	0
16	2	0	2	2	1	1	1	"黑龙王之盔"	82	30	0		74			0	170	60	0	0	0	4	0	1	0	0	0
17	2	0	2	2	1	1	1	"黑凤凰之盔"	92	43	0		80			0	205	62	0	0	0	4	0	2	0	0	0
18	2	0	2	2	1	1	1	"火麒麟之盔"	81	27	0		67			0	59	20	0	0	0	4	2	0	0	0	0
19	2	0	2	2	1	1	1	"圣灵之盔"	85	37	0		74			0	50	110	0	0	0	4	0	0	2	0	0
21	2	0	2	2	1	1	1	"龙炎之盔"	104	53	0		86			0	200	58	0	0	0	4	0	2	0	0	0
22	2	0	2	2	1	1	1	"黑炎之盔"	110	36	0		75			0	55	18	0	0	0	4	2	0	0	0	0
24	2	0	2	2	1	1	1	"红羽之盔"	93	46	0		80			0	52	115	0	0	0	4	0	0	2	0	0
25	2	0	2	2	1	1	1	"圣元之盔"	46	20	0		42			0	70	20	0	0	0	4	0	0	0	0	1
26	2	0	2	2	1	1	1	"圣魂之盔"	66	24	0		56			0	77	21	0	0	0	4	0	0	0	0	1
27	2	0	2	2	1	1	1	"神圣之盔"	86	26	0		70			0	84	22	0	0	0	4	0	0	0	0	1
28	2	0	2	2	1	1	1	"至尊之盔"	106	34	0		78			0	80	21	0	0	0	4	0	0	0	0	1
29	2	0	2	2	1	1	1	"暗黑斗神之盔"	130	66	0		90			380	170	60	0	0	0	0	0	2	0	0	0
30	2	0	2	2	1	1	1	"法魂玄灵之盔"	126	48	0		86			380	44	15	0	0	0	0	2	0	0	0	0
31	2	0	2	2	1	1	1	"紫灵之盔"	126	57	0		86			380	38	80	0	0	0	0	0	0	2	0	0
33	2	0	2	2	1	1	1	"宙斯之盔"	130	46	0		82			380	62	16	0	0	0	0	0	0	0	0	1
34	2	0	2	2	1	1	1	"暴风盔"	67	27	0		72			0	160	50	0	0	0	4	0	1	0	0	0
35	2	0	2	2	1	1	1	"幻月盔"	67	22	0		54			0	53	12	0	0	0	4	1	0	0	0	0
36	2	0	2	2	1	1	1	"碧影盔"	67	30	0		59			0	50	70	0	0	0	4	0	0	1	0	0
38	2	0	2	2	1	1	1	"圣光盔"	67	30	0		74			0	81	21	0	0	0	4	0	0	0	0	1
end																											
																											
8																											
0	3	0	2	2	1	1	1	"青铜铠"	18	14	0		34			0	80	20	0	0	0	4	0	1	0	1	1
1	3	0	2	3	1	1	1	"龙王之铠"	59	37	0		68			0	120	30	0	0	0	4	0	1	0	1	0
2	3	0	2	2	1	1	1	"  革铠"	10	7	0		28			0	30	0	0	0	0	4	1	0	0	1	0
3	3	0	2	2	1	1	1	"传说之铠"	56	22	0		42			0	40	0	0	0	0	4	1	0	0	1	0
4	3	0	2	2	1	1	1	"骷髅铠"	22	13	0		30			0	40	0	0	0	0	4	1	0	0	1	0
5	3	0	2	3	1	1	1	"  皮铠"	10	10	0		30			0	80	0	0	0	0	4	0	1	0	1	1
6	3	0	2	2	1	1	1	"翡翠铠"	28	18	0		40			0	110	0	0	0	0	4	0	1	0	1	1
7	3	0	2	3	1	1	1	"魔王之铠"	38	17	0		36			0	40	0	0	0	0	4	1	0	0	1	0
8	3	0	2	2	1	1	1	"黄金铠"	38	22	0		44			0	100	30	0	0	0	4	0	1	0	1	0
9	3	0	2	2	1	1	1	"白金铠"	48	30	0		50			0	130	0	0	0	0	4	0	1	0	1	0
10	3	0	2	2	1	1	1	"  藤铠"	10	8	0		22			0	30	60	0	0	0	4	0	0	1	0	0
11	3	0	2	2	1	1	1	"天蚕之铠"	20	12	0		26			0	30	70	0	0	0	4	0	0	1	0	0
12	3	0	2	2	1	1	1	"风之铠"	32	16	0		32			0	30	80	0	0	0	4	0	0	1	0	0
13	3	0	2	2	1	1	1	"精灵之铠"	44	21	0		38			0	40	80	0	0	0	4	0	0	1	0	0
14	3	0	2	2	1	1	1	"女神之铠"	57	29	0		45			0	40	80	0	0	0	4	0	0	1	0	0
15	3	0	2	3	1	1	1	"亚特兰蒂斯铠"	80	44	0		80			0	150	70	0	0	0	4	0	0	0	1	0
16	3	0	2	3	1	1	1	"黑龙王之铠"	90	48	0		74			0	170	60	0	0	0	4	0	1	0	0	0
17	3	0	2	3	1	1	1	"黑凤凰之铠"	100	63	0		80			0	214	65	0	0	0	4	0	2	0	0	0
18	3	0	2	3	1	1	1	"火麒麟之铠"	91	33	0		67			0	59	20	0	0	0	4	2	0	0	0	0
19	3	0	2	2	1	1	1	"圣灵之铠"	92	44	0		74			0	50	110	0	0	0	4	0	0	2	0	0
20	3	0	2	3	1	1	1	"奔雷之铠"	107	60	0		82			0	170	70	0	0	0	4	0	0	0	1	0
21	3	0	2	3	1	1	1	"龙炎之铠"	126	75	0		86			0	200	58	0	0	0	4	0	2	0	0	0
22	3	0	2	3	1	1	1	"黑炎之铠"	122	43	0		75			0	55	18	0	0	0	4	2	0	0	0	0
23	3	0	2	3	1	1	1	"魔神之铠"	128	73	0		90			0	162	66	0	0	0	4	0	0	0	1	0
24	3	0	2	2	1	1	1	"红羽之铠"	109	55	0		80			0	52	115	0	0	0	4	0	0	2	0	0
25	3	0	2	3	1	1	1	"圣元之铠"	62	25	0		42			0	70	20	0	0	0	4	0	0	0	0	1
26	3	0	2	3	1	1	1	"圣魂之铠"	78	36	0		56			0	77	21	0	0	0	4	0	0	0	0	1
27	3	0	2	3	1	1	1	"神圣之铠"	96	43	0		70			0	84	22	0	0	0	4	0	0	0	0	1
28	3	0	2	3	1	1	1	"至尊之铠"	117	51	0		78			0	80	21	0	0	0	4	0	0	0	0	1
29	3	0	2	3	1	1	1	"暗黑斗神之铠"	140	88	0		90			380	170	60	0	0	0	0	0	2	0	0	0
30	3	0	2	3	1	1	1	"法魂玄灵之铠"	146	57	0		86			380	44	15	0	0	0	0	2	0	0	0	0
31	3	0	2	3	1	1	1	"紫灵之铠"	146	68	0		86			380	38	80	0	0	0	0	0	0	2	0	0
32	3	0	2	3	1	1	1	"傲天魔剑之铠"	147	86	0		95			380	145	60	0	0	0	0	0	0	0	1	0
33	3	0	2	3	1	1	1	"宙斯之铠"	147	64	0		82			380	62	16	0	0	0	0	0	0	0	0	1
34	3	0	2	3	1	1	1	"暴风凯"	75	42	0		72			0	160	50	0	0	0	4	0	1	0	0	0
35	3	0	2	3	1	1	1	"幻月凯"	75	27	0		54			0	53	12	0	0	0	4	1	0	0	0	0
36	3	0	2	3	1	1	1	"碧影凯"	75	36	0		59			0	50	70	0	0	0	4	0	0	1	0	0
37	3	0	2	3	1	1	1	"烈火凯"	105	52	0		81			0	155	50	0	0	0	4	0	0	0	1	0
38	3	0	2	3	1	1	1	"圣光凯"	105	47	0		74			0	81	21	0	0	0	4	0	0	0	0	1
end																											
																											
9																											
0	4	0	2	2	1	1	1	"青铜护腿"	15	10	0		34			0	80	20	0	0	0	4	0	1	0	1	1
1	4	0	2	2	1	1	1	"龙王护腿"	55	26	0		68			0	120	30	0	0	0	4	0	1	0	1	0
2	4	0	2	2	1	1	1	"革护腿"	8	5	0		28			0	30	0	0	0	0	4	1	0	0	1	0
3	4	0	2	2	1	1	1	"传说之护腿"	53	20	0		42			0	40	0	0	0	0	4	1	0	0	1	0
4	4	0	2	2	1	1	1	"骷髅护腿"	20	10	0		30			0	40	0	0	0	0	4	1	0	0	1	0
5	4	0	2	2	1	1	1	"皮护腿"	8	7	0		30			0	80	0	0	0	0	4	0	1	0	1	1
6	4	0	2	2	1	1	1	"翡翠护腿"	25	14	0		40			0	110	0	0	0	0	4	0	1	0	1	1
7	4	0	2	2	1	1	1	"魔王之护腿"	34	15	0		36			0	40	0	0	0	0	4	1	0	0	1	0
8	4	0	2	2	1	1	1	"黄金护腿"	35	18	0		44			0	100	30	0	0	0	4	0	1	0	1	0
9	4	0	2	2	1	1	1	"白金护腿"	45	22	0		50			0	130	0	0	0	0	4	0	1	0	1	0
10	4	0	2	2	1	1	1	"藤护腿"	8	6	0		22			0	30	60	0	0	0	4	0	0	1	0	0
11	4	0	2	2	1	1	1	"天蚕之护腿"	18	10	0		26			0	30	70	0	0	0	4	0	0	1	0	0
12	4	0	2	2	1	1	1	"风之护腿"	30	14	0		32			0	30	80	0	0	0	4	0	0	1	0	0
13	4	0	2	2	1	1	1	"精灵之护腿"	42	18	0		38			0	40	80	0	0	0	4	0	0	1	0	0
14	4	0	2	2	1	1	1	"女神之护腿"	54	25	0		45			0	40	80	0	0	0	4	0	0	1	0	0
15	4	0	2	2	1	1	1	"亚特兰蒂斯腿"	74	34	0		80			0	150	70	0	0	0	4	0	0	0	1	0
16	4	0	2	2	1	1	1	"黑龙王护腿"	84	40	0		74			0	170	60	0	0	0	4	0	1	0	0	0
17	4	0	2	2	1	1	1	"黑凤凰护腿"	96	54	0		80			0	207	63	0	0	0	4	0	2	0	0	0
18	4	0	2	2	1	1	1	"火麒麟护腿"	86	30	0		67			0	59	20	0	0	0	4	2	0	0	0	0
19	4	0	2	2	1	1	1	"圣灵护腿"	88	39	0		74			0	50	110	0	0	0	4	0	0	2	0	0
20	4	0	2	2	1	1	1	"奔雷护腿"	99	49	0		82			0	150	70	0	0	0	4	0	0	0	1	0
21	4	0	2	2	1	1	1	"龙炎护腿"	113	65	0		86			0	200	58	0	0	0	4	0	2	0	0	0
22	4	0	2	2	1	1	1	"黑炎护腿"	117	39	0		75			0	55	18	0	0	0	4	2	0	0	0	0
23	4	0	2	2	1	1	1	"魔神护腿"	122	61	0		90			0	162	66	0	0	0	4	0	0	0	1	0
24	4	0	2	2	1	1	1	"红羽护腿"	100	48	0		80			0	52	115	0	0	0	4	0	0	2	0	0
25	4	0	2	2	1	1	1	"圣元护腿"	50	21	0		42			0	70	20	0	0	0	4	0	0	0	0	1
26	4	0	2	2	1	1	1	"圣魂护腿"	70	26	0		56			0	77	21	0	0	0	4	0	0	0	0	1
27	4	0	2	2	1	1	1	"神圣护腿"	92	31	0		70			0	84	22	0	0	0	4	0	0	0	0	1
28	4	0	2	2	1	1	1	"至尊护腿"	110	39	0		78			0	80	21	0	0	0	4	0	0	0	0	1
29	4	0	2	2	1	1	1	"暗黑斗神护腿"	134	78	0		90			380	170	60	0	0	0	0	0	2	0	0	0
30	4	0	2	2	1	1	1	"法魂玄灵护腿"	135	55	0		86			380	44	15	0	0	0	0	2	0	0	0	0
31	4	0	2	2	1	1	1	"紫灵护腿"	135	61	0		86			380	38	80	0	0	0	0	0	0	2	0	0
32	4	0	2	2	1	1	1	"傲天魔剑护腿"	135	74	0		95			380	145	60	0	0	0	0	0	0	0	1	0
33	4	0	2	2	1	1	1	"宙斯护腿"	140	52	0		82			380	62	16	0	0	0	0	0	0	0	0	1
34	4	0	2	2	1	1	1	"暴风腿"	69	33	0		72			0	160	50	0	0	0	4	0	1	0	0	0
35	4	0	2	2	1	1	1	"幻月腿"	69	25	0		54			0	53	12	0	0	0	4	1	0	0	0	0
36	4	0	2	2	1	1	1	"碧影腿"	69	32	0		59			0	50	70	0	0	0	4	0	0	1	0	0
37	4	0	2	2	1	1	1	"烈火腿"	101	41	0		81			0	155	50	0	0	0	4	0	0	0	1	0
38	4	0	2	2	1	1	1	"圣光腿"	101	35	0		74			0	81	21	0	0	0	4	0	0	0	0	1
end																											
																											
10																											
0	5	0	2	2	1	1	1	"青铜护手"	13	4	4		34			0	80	20	0	0	0	4	0	1	0	1	1
1	5	0	2	2	1	1	1	"龙王护手"	52	14	6		68			0	120	30	0	0	0	4	0	1	0	1	0
3	5	0	2	2	1	1	1	"传说之护手"	44	11	0		42			0	20	0	0	0	0	4	1	0	0	1	0
2	5	0	2	2	1	1	1	"革护手"	3	2	0		28			0	20	0	0	0	0	4	1	0	0	1	0
4	5	0	2	2	1	1	1	"骷髅护手"	14	5	0		30			0	20	0	0	0	0	4	1	0	0	1	0
5	5	0	2	2	1	1	1	"皮护手"	4	2	8		30			0	80	0	0	0	0	4	0	1	0	1	1
6	5	0	2	2	1	1	1	"翡翠护手"	22	7	10		40			0	110	0	0	0	0	4	0	1	0	1	1
7	5	0	2	2	1	1	1	"魔王之护手"	28	8	0		36			0	20	0	0	0	0	4	1	0	0	1	0
8	5	0	2	2	1	1	1	"黄金护手"	32	9	8		44			0	100	30	0	0	0	4	0	1	0	1	0
9	5	0	2	2	1	1	1	"白金护手"	42	12	4		50			0	130	0	0	0	0	4	0	1	0	1	0
15	5	0	2	2	1	1	1	"亚特兰蒂斯手"	70	20	6		80			0	150	70	0	0	0	4	0	0	0	1	0
16	5	0	2	2	1	1	1	"黑龙王护手"	76	22	6		74			0	170	60	0	0	0	4	0	1	0	0	0
17	5	0	2	2	1	1	1	"黑凤凰护手"	86	37	6		80			0	205	63	0	0	0	4	0	2	0	0	0
18	5	0	2	2	1	1	1	"火麒麟护手"	70	20	5		67			0	49	10	0	0	0	4	2	0	0	0	0
10	5	0	2	2	1	1	1	"藤护手"	4	2	4		22			0	30	60	0	0	0	4	0	0	1	0	0
11	5	0	2	2	1	1	1	"天蚕之护手"	14	4	8		26			0	30	70	0	0	0	4	0	0	1	0	0
12	5	0	2	2	1	1	1	"风之护手"	26	6	10		32			0	30	80	0	0	0	4	0	0	1	0	0
13	5	0	2	2	1	1	1	"精灵之护手"	38	9	4		38			0	40	80	0	0	0	4	0	0	1	0	0
14	5	0	2	2	1	1	1	"女神之护手"	50	15	6		45			0	40	80	0	0	0	4	0	0	1	0	0
19	5	0	2	2	1	1	1	"圣灵护手"	72	29	6		74			0	50	110	0	0	0	4	0	0	2	0	0
20	5	0	2	2	1	1	1	"奔雷护手"	88	34	7		82			0	150	70	0	0	0	4	0	0	0	1	0
21	5	0	2	2	1	1	1	"龙炎护手"	94	48	6		86			0	200	58	0	0	0	4	0	2	0	0	0
22	5	0	2	2	1	1	1	"黑炎护手"	87	30	6		75			0	55	18	0	0	0	4	2	0	0	0	0
23	5	0	2	2	1	1	1	"魔神护手"	102	45	7		90			0	162	66	0	0	0	4	0	0	0	1	0
24	5	0	2	2	1	1	1	"红羽护手"	84	38	6		80			0	52	115	0	0	0	4	0	0	2	0	0
25	5	0	2	2	1	1	1	"圣元护手"	42	12	7		42			0	70	20	0	0	0	4	0	0	0	0	1
26	5	0	2	2	1	1	1	"圣魂护手"	57	18	6		56			0	77	21	0	0	0	4	0	0	0	0	1
27	5	0	2	2	1	1	1	"神圣护手"	75	21	5		70			0	84	22	0	0	0	4	0	0	0	0	1
28	5	0	2	2	1	1	1	"至尊护手"	89	29	4		78			0	80	21	0	0	0	4	0	0	0	0	1
29	5	0	2	2	1	1	1	"暗黑斗神护手"	114	60	7		90			380	170	60	0	0	0	0	0	2	0	0	0
30	5	0	2	2	1	1	1	"法魂玄灵护手"	111	44	7		86			380	44	15	0	0	0	0	2	0	0	0	0
31	5	0	2	2	1	1	1	"紫灵护手"	111	50	7		86			380	38	80	0	0	0	0	0	0	2	0	0
32	5	0	2	2	1	1	1	"傲天魔剑护手"	127	55	7		95			380	145	60	0	0	0	0	0	0	0	1	0
33	5	0	2	2	1	1	1	"宙斯护手"	110	40	5		82			380	62	16	0	0	0	0	0	0	0	0	1
34	5	0	2	2	1	1	1	"暴风护手"	61	18	6		72			0	160	50	0	0	0	4	0	1	0	0	0
35	5	0	2	2	1	1	1	"幻月护手"	61	15	6		54			0	53	12	0	0	0	4	1	0	0	0	0
36	5	0	2	2	1	1	1	"碧影护手"	61	22	6		59			0	50	70	0	0	0	4	0	0	1	0	0
37	5	0	2	2	1	1	1	"烈火护手"	91	27	7		81			0	155	50	0	0	0	4	0	0	0	1	0
38	5	0	2	2	1	1	1	"圣光护手"	91	25	5		74			0	81	21	0	0	0	4	0	0	0	0	1
end																											
																											
//index	ItemSlot	SkillType	x	y	sirial	option	drop	name	level	Def	Walkspeed		Dur			NeedLevel	Str	Dex	Eng	Hea	Cha						
11																											
0	6	0	2	2	1	1	1	"青铜靴"	12	4	10		34			0	80	20	0	0	0	4	0	1	0	1	1
1	6	0	2	2	1	1	1	"龙王之靴"	54	15	2		68			0	120	30	0	0	0	4	0	1	0	1	0
2	6	0	2	2	1	1	1	"  革靴"	4	3	10		28			0	20	0	0	0	0	4	1	0	0	1	0
3	6	0	2	2	1	1	1	"传说之靴"	46	12	0		42			0	30	0	0	0	0	4	1	0	0	1	0
4	6	0	2	2	1	1	1	"骷髅靴"	16	6	6		30			0	30	0	0	0	0	4	1	0	0	1	0
5	6	0	2	2	1	1	1	"  皮靴"	5	2	12		30			0	80	0	0	0	0	4	0	1	0	1	1
6	6	0	2	2	1	1	1	"翡翠靴"	22	8	8		40			0	110	0	0	0	0	4	0	1	0	1	1
7	6	0	2	2	1	1	1	"魔王之靴"	30	9	8		36			0	30	0	0	0	0	4	1	0	0	1	0
8	6	0	2	2	1	1	1	"黄金靴"	32	10	6		44			0	100	30	0	0	0	4	0	1	0	1	0
9	6	0	2	2	1	1	1	"白金靴"	42	12	4		50			0	130	0	0	0	0	4	0	1	0	1	0
10	6	0	2	2	1	1	1	"  藤靴"	5	2	0		22			0	30	60	0	0	0	4	0	0	1	0	0
11	6	0	2	2	1	1	1	"天蚕之靴"	15	4	0		26			0	30	70	0	0	0	4	0	0	1	0	0
12	6	0	2	2	1	1	1	"风之靴"	27	7	0		32			0	30	80	0	0	0	4	0	0	1	0	0
13	6	0	2	2	1	1	1	"精灵之靴"	40	10	0		38			0	40	80	0	0	0	4	0	0	1	0	0
14	6	0	2	2	1	1	1	"女神之靴"	52	16	0		45			0	40	80	0	0	0	4	0	0	1	0	0
15	6	0	2	2	1	1	1	"亚特兰蒂斯靴"	72	22	2		80			0	150	70	0	0	0	4	0	0	0	1	0
16	6	0	2	2	1	1	1	"黑龙王之靴"	78	24	2		74			0	170	60	0	0	0	4	0	1	0	0	0
17	6	0	2	2	1	1	1	"黑凤凰之靴"	93	40	2		80			0	198	60	0	0	0	4	0	2	0	0	0
18	6	0	2	2	1	1	1	"火麒麟之靴"	76	22	0		67			0	59	10	0	0	0	4	2	0	0	0	0
19	6	0	2	2	1	1	1	"圣灵之靴"	81	30	0		74			0	50	110	0	0	0	4	0	0	2	0	0
20	6	0	2	2	1	1	1	"奔雷之靴"	92	37	2		82			0	150	70	0	0	0	4	0	0	0	1	0
21	6	0	2	2	1	1	1	"龙炎之靴"	98	50	0		86			0	200	58	0	0	0	4	0	2	0	0	0
22	6	0	2	2	1	1	1	"黑炎之靴"	95	31	0		75			0	55	18	0	0	0	4	2	0	0	0	0
23	6	0	2	2	1	1	1	"魔神之靴"	110	50	0		90			0	162	66	0	0	0	4	0	0	0	1	0
24	6	0	2	2	1	1	1	"红羽之靴"	87	40	0		80			0	52	115	0	0	0	4	0	0	2	0	0
25	6	0	2	2	1	1	1	"圣元之靴"	45	13	0		42			0	70	20	0	0	0	4	0	0	0	0	1
26	6	0	2	2	1	1	1	"圣魂之靴"	60	20	0		56			0	77	21	0	0	0	4	0	0	0	0	1
27	6	0	2	2	1	1	1	"神圣之靴"	83	25	0		70			0	84	22	0	0	0	4	0	0	0	0	1
28	6	0	2	2	1	1	1	"至尊之靴"	95	33	0		78			0	80	21	0	0	0	4	0	0	0	0	1
29	6	0	2	2	1	1	1	"暗黑斗神之靴"	119	63	0		90			380	170	60	0	0	0	0	0	2	0	0	0
30	6	0	2	2	1	1	1	"法魂玄灵之靴"	119	47	0		86			380	44	15	0	0	0	0	2	0	0	0	0
31	6	0	2	2	1	1	1	"紫灵之靴"	119	53	0		86			380	38	80	0	0	0	0	0	0	2	0	0
32	6	0	2	2	1	1	1	"傲天魔剑之靴"	131	61	0		95			380	145	60	0	0	0	0	0	0	0	1	0
33	6	0	2	2	1	1	1	"宙斯之靴"	121	44	0		82			380	62	16	0	0	0	0	0	0	0	0	1
34	6	0	2	2	1	1	1	"暴风靴"	68	19	0		72			0	160	50	0	0	0	4	0	1	0	0	0
35	6	0	2	2	1	1	1	"幻月靴"	68	17	0		54			0	53	12	0	0	0	4	1	0	0	0	0
36	6	0	2	2	1	1	1	"碧影靴"	68	23	0		59			0	50	70	0	0	0	4	0	0	1	0	0
37	6	0	2	2	1	1	1	"烈火靴"	98	29	0		81			0	155	50	0	0	0	4	0	0	0	1	0
38	6	0	2	2	1	1	1	"圣光靴"	98	29	0		74			0	81	21	0	0	0	4	0	0	0	0	1
end																											
																											
//Index	ItemSlot	SkillType	x	y	sirial	option	drop	Name	Level		Dur		倔澜	刀	锅俺		阂	顶	官恩	拱							
13																											
0	8	0	1	1	1	0	1	"守护天使"	23		255		0	0	0		0	0	0	0		0	1	1	1	1	1
1	8	0	1	1	1	0	1	"小恶魔"	28		255		0	0	0		0	0	0	0		0	1	1	1	1	1
2	8	0	1	1	1	0	1	"  兽角"	25		255		0	0	0		0	0	0	0		0	1	1	1	1	1
3	8	49	1	1	1	0	0	"彩云兽"	110		255		0	0	0		0	0	0	0		0	1	1	1	1	1
4	8	62	1	1	1	0	0	"黑王马之角"	218		255		0	0	0		0	0	0	0		0	0	0	0	0	1
5	1	0	1	1	1	0	0	"天鹰之爪"	0		255		0	0	0		0	0	0	0		0	1	1	1	1	1
7	-1	0	1	1	1	0	0	"召唤佣兵"	0		255		0	0	0		0	0	0	0		0	1	1	1	1	1
8	10	0	1	1	1	1	1	"冰之指环"	20		50		1	0	0		0	0	0	0		2	1	1	1	1	1
9	10	0	1	1	1	1	1	"毒之指环"	17		50		0	1	0		0	0	0	0		4	1	1	1	1	1
10	10	0	1	1	1	0	0	"变身戒指"	0		200		0	0	0		0	0	0	0		0	1	1	1	1	1
11	-1	0	1	1	1	0	0	"复活石"	0		255		0	0	0		0	0	0	0		0	1	1	1	1	1
12	9	0	1	1	1	1	1	"雷之项链"	21		50		0	0	1		0	0	0	0		3	1	1	1	1	1
13	9	0	1	1	1	1	1	"火之项链"	13		50		0	0	0		1	0	0	0		1	1	1	1	1	1
14	-1	0	1	2	1	0	1	"洛克之羽"	28		0		0	0	0		0	0	0	0		0	1	1	1	1	1
15	-1	0	1	1	1	0	0	"  果实"	0		0		0	0	0		0	0	0	0		0	1	1	1	1	1
16	-1	0	1	2	1	0	1	"血灵之书"	0		128		0	0	0		0	0	0	0		0	1	1	1	1	1
17	-1	0	1	2	1	0	1	"血灵之骷"	0		128		0	0	0		0	0	0	0		0	1	1	1	1	1
18	-1	0	2	2	1	0	0	"透明披风"	0		255		0	0	0		0	0	0	0		0	1	1	1	1	1
19	-1	0	1	2	1	0	0	"大天使之武器"	0		255		0	0	0		0	0	0	0		0	1	1	1	1	1
20	10	0	1	1	1	1	0	"魔法戒指"	0		30		0	0	0		0	0	0	0		0	1	1	1	1	1
21	10	0	1	1	1	1	1	"火之指环"	30		50		0	0	0		1	0	0	0		3	1	1	1	1	1
22	10	0	1	1	1	1	1	"地之指环"	38		50		0	0	0		0	1	0	0		1	1	1	1	1	1
23	10	0	1	1	1	1	1	"风之指环"	44		50		0	0	0		0	0	1	0		2	1	1	1	1	1
24	10	0	1	1	1	1	1	"魔之指环"	47		50		0	0	0		0	0	0	0		0	1	1	1	1	1
25	9	0	1	1	1	1	1	"冰之项链"	34		50		1	0	0		0	0	0	0		1	1	1	1	1	1
26	9	0	1	1	1	1	1	"风之项链"	42		50		0	0	0		0	0	1	0		2	1	1	1	1	1
27	9	0	1	1	1	1	1	"水之项链"	46		50		0	0	0		0	0	0	1		4	1	1	1	1	1
28	9	0	1	1	1	1	1	"紫晶项链"	50		50		0	0	0		0	0	0	0		0	1	1	1	1	1
29	-1	0	2	2	1	1	1	"卫兵铠甲"	0		0		0	0	0		0	0	0	0		0	1	1	1	1	1
30	7	0	2	3	1	1	0	"王者披风"	180		200		0	0	0		0	0	0	0		0	0	0	0	0	1
31	-1	0	1	1	1	0	0	"兽之灵魂"	0		0		0	0	0		0	0	0	0		0	0	0	0	0	1
32	-1	0	1	1	1	0	1	"破烂的铠甲片"	0		1		0	0	0		0	0	0	0		0	1	1	1	1	1
33	-1	0	1	1	1	0	1	"女神的灵智"	0		1		0	0	0		0	0	0	0		0	1	1	1	1	1
34	-1	0	1	1	1	0	1	"猛兽的脚甲"	0		1		0	0	0		0	0	0	0		0	1	1	1	1	1
35	-1	0	1	1	1	0	0	"碎角片"	0		1		0	0	0		0	0	0	0		0	1	1	1	1	1
36	-1	0	2	2	1	0	0	"折断的角"	0		1		0	0	0		0	0	0	0		0	1	1	1	1	1
37	8	0	2	2	1	1	0	"炎狼兽之角"	300		255		0	0	0		0	0	0	0		0	2	2	2	1	1
38      10	21	1       1       1       1       1       "悬石"		0		120		0	0	0		1	0	0	0		0	1	1	1	1	1
39      10	10	1       1       1       1       1       "郡府飘秦..."	0		255		0	0	0		1	0	0	0		0	1	1	1	1	1
40      10	10	1       1       1       1       1       "黎坷罚畔..."	0		255		0	0	0		1	0	0	0		0	1	1	1	1	1
end																											
																											
//Index	ItemSlot	SkillType	x	y	sirial	option	drop	Name	Value	Level																	
14																											
0	-1	0	1	1	0	0	1	"苹果"	5	1																	
1	-1	0	1	1	0	0	1	"小瓶治疗药水"	10	10																	
2	-1	0	1	1	0	0	1	"中瓶治疗药水"	20	25																	
3	-1	0	1	1	0	0	1	"大瓶治疗药水"	30	40																	
4	-1	0	1	1	0	0	1	"小瓶魔力药水"	10	10																	
5	-1	0	1	1	0	0	1	"中瓶魔力药水"	20	25																	
6	-1	0	1	1	0	0	1	"大瓶魔力药水"	30	40																	
7	-1	0	1	1	0	0	0	"祝福药水"	30	0											
8	-1	0	1	1	0	0	1	"解毒剂"	10	10											
9	-1	0	1	2	0	0	1	"酒"	30	15											
10	-1	0	1	2	0	0	1	"回城卷轴"	30	30											
11	-1	0	1	1	1	0	1	"幸运宝箱"	0	0											
12	-1	0	1	1	1	0	1	"心之记忆"	0	0											
13	-1	0	1	1	1	0	1	"祝福宝石"	150	25											
14	-1	0	1	1	1	0	1	"灵魂宝石"	150	30											
15	-1	0	1	1	0	0	1	"金"	0	0											
16	-1	0	1	1	1	0	1	"生命宝石"	0	28											
17	-1	0	1	1	1	0	1	"恶魔之眼"	0	1											
18	-1	0	1	1	1	0	1	"恶魔之钥"	0	1											
19	-1	0	1	1	1	0	0	"恶魔广场通行证"	0	0											
20	-1	0	1	1	0	0	1	"爱情的魔力"	0	0											
21	-1	0	1	1	0	0	1	"奇迹通宝"	0	0											
22	-1	0	1	1	1	0	1	"创造宝石"	0	28											
23	-1	0	1	1	1	0	1	"帝王之书"	0	0																	
24	-1	0	1	2	1	0	1	"断魂之剑"	0	0																	
25	-1	0	1	1	1	0	1	"精灵之泪"	0	0																	
26	-1	0	1	1	1	0	1	"先知之魂"	0	0																	
//27	-1	0	1	1	1	0	1	"白银碗"	0	0																	
28	-1	0	1	1	1	0	0	"失落的地图"	0	0																	
29	-1	0	1	1	1	0	1	"昆顿印记"	0	0																	
//30	-1	0	1	1	1	0	1	"__隆钎"	0	0																	
31	-1	0	1	1	1	0	1	"守护宝石"	75	0																	
32	-1	0	1	1	1	0	1	"粉红色宝箱"	0	0																	
33	-1	0	1	1	1	0	1	"红色宝箱"	0	0																	
34	-1	0	1	1	1	0	1	"蓝色宝箱"	0	0																	
35	-1	0	1	1	1	0	1	"小防护药水"	50	0
36	-1	0	1	1	1	0	1	"中防护药水"	80	0
37	-1	0	1	1	1	0	1	"大防护药水"	100	0
38	-1	0	1	1	1	0	1	"小生命圣水"	20	68
39	-1	0	1	1	1	0	1	"中生命圣水"	40	96
40	-1	0	1	1	1	0	1	"大生命圣水"	60	118
41	-1	0	1	1	1	0	1	"再生原石"	150	25
42	-1	0	1	1	1	0	1	"再生宝石"	150	25
43	-1	0	1	1	1	0	1	"初级进化宝石"	150	25
end																											
																											
//Index	ItemSlot	SkillType	x	y	sirial	option	drop	Name	Level	Def	Dur	ReqLev	ReqEng	ReqStr	RegDex	RegCha	Zen										
12																											
0	7	0	3	2	1	0	0	"精灵之翼"	100	10	200	180	0	0	0	0	0						0	0	1	0	0
1	7	0	5	3	1	0	0	"天使之翼"	100	10	200	180	0	0	0	0	0						1	0	0	1	0
2	7	0	5	2	1	0	0	"恶魔之翼"	100	20	200	180	0	0	0	0	0						0	1	0	1	0
3	7	0	5	3	1	1	0	"圣灵之翼"	150	30	200	215	0	0	0	0	0						0	0	2	0	0
4	7	0	5	3	1	1	0	"魔魂之翼"	150	30	200	215	0	0	0	0	0						2	0	0	0	0
5	7	0	3	3	1	1	0	"飞龙之翼"	150	45	200	215	0	0	0	0	0						0	2	0	0	0
6	7	0	4	2	1	1	0	"暗黑之翼"	150	40	200	215	0	0	0	0	0						0	0	0	1	0
7	-1	0	1	1	1	0	1	"霹雳回旋斩石"	47	0	0	80	0	0	0	0	29000						0	1	0	1	0
8	-1	0	1	1	1	0	1	"治疗之石"	8	0	0	0	100	0	0	0	800						0	0	1	0	0
9	-1	0	1	1	1	0	1	"防御之石"	13	0	0	0	100	0	0	0	3000						0	0	1	0	0
10	-1	0	1	1	1	0	1	"攻击之石"	18	0	0	0	100	0	0	0	7000						0	0	1	0	0
11	-1	0	1	1	1	0	1	"召唤之石"	3	0	0	0	0	0	0	0	150						0	0	1	0	0
12	-1	0	1	1	1	0	1	"雷霆裂闪之石"	78	0	0	170	0	0	0	0	150000						0	2	0	0	0
13	-1	0	1	1	1	0	1	"钻云枪之石"	20	0	0	28	0	0	0	0	10000						0	1	0	1	0
14	-1	0	1	1	1	0	1	"生命之光之石"	60	0	0	120	0	0	0	0	43000						0	1	0	0	0
15	-1	0	1	1	1	0	1	"玛雅之石"	12	0	0	0	0	0	0	0	0						1	1	1	1	1
16	-1	0	1	1	1	0	1	"玄月斩之石"	60	0	0	0	0	320	0	0	51000						0	0	0	1	0
17	-1	0	1	1	1	0	1	"穿透箭之石"	64	0	0	130	0	0	0	0	72000						0	0	1	0	0
18	-1	0	1	1	1	0	1	"冰封箭之石"	81	0	0	0	0	0	258	0	195000						0	0	2	0	0
19	-1	0	1	1	1	0	1	"袭风刺之石"	72	0	0	160	0	0	0	0	85000						0	2	0	0	0
//20	-1	0	1	1	1	0	1	"_弓手增加技能"	0	0	0	0	0	0	0	0	0						0	0	2	0	0
21	-1	0	1	2	1	0	1	"星云火链卷轴"	74	0	0	0	20	0	0	0	115000						0	0	0	0	1
22	-1	0	1	2	1	0	1	"星云召唤卷轴"	98	0	0	0	34	0	0	400	375000						0	0	0	0	1
23	-1	0	1	2	1	0	1	"致命圣印卷轴"	82	0	0	0	25	0	0	300	220000						0	0	0	0	1
24	-1	0	1	2	1	0	1	"圣极光卷轴"	92	0	0	0	29	0	0	340	295000						0	0	0	0	1
//25	-1	0	1	2	1	0	1	"技农府颇捞胶胶农费"	105	0	0	0	37	0	0	450	450000					0	0	0	0	1
26	-1	0	1	1	1	0	1	"脚厚狼备浇"	0	0	0	0	0	0	0	0	0						1	1	1	1	1
30	-1	0	1	1	1	0	1	"祝福石组合"	25	0	0	0	0	0	0	0	0						1	1	1	1	1
31	-1	0	1	1	1	0	1	"灵魂石组合"	30	0	0	0	0	0	0	0	0						1	1	1	1	1
//32	-1	0	1	1	1	0	1	"弧埃府夯狼惑磊"	0	0	0	0	0	0	0	0	0					1	1	1	1	1
//33	-1	0	1	1	1	0	1	"檬废府夯狼惑磊"	0	0	0	0	0	0	0	0	0					1	1	1	1	1
//34	-1	0	1	1	1	0	1	"颇鄂府夯狼惑磊"	0	0	0	0	0	0	0	0	0					1	1	1	1	1
35	-1	0	1	2	1	0	1	"火舞旋风卷轴"		102	0	0	0	32	0	0	450	470000					0	0	0	0	1	
end																											
																											
//Index	ItemSlot	SkillType	x	y	sirial	option	drop	Name	Level	ReqLev	ReqEng						Zen										
15																											
0	-1	0	1	2	1	0	1	"毒咒术"	10	0	100						17000						1	0	0	1	0
1	-1	0	1	2	1	0	1	"陨石术"	11	0	100						11000						1	0	0	1	0
2	-1	0	1	2	1	0	1	"掌心雷术"	8	0	100						3000						1	0	0	1	0
3	-1	0	1	2	1	0	1	"火球术"	5	0	100						300						1	0	0	1	0
4	-1	0	1	2	1	0	1	"火龙术"	15	0	100						21000						1	0	0	1	0
5	-1	0	1	2	1	0	1	"瞬间移动术"	17	0	100						5000						1	0	0	0	0
6	-1	0	1	2	1	0	1	"冰封术"	20	0	100						14000						1	0	0	1	0
7	-1	0	1	2	1	0	1	"龙卷风术"	22	0	100						25000						1	0	0	1	0
8	-1	0	1	2	1	0	1	"黑龙波术"	25	0	100						35000						1	0	0	1	0
9	-1	0	1	2	1	0	1	"地狱火术"	30	0	100						60000						1	0	0	1	0
10	-1	0	1	2	1	0	1	"真空波术"	9	0	100						1150						1	0	0	1	0
11	-1	0	1	2	1	0	1	"极光术"	74	0	110						100000						1	0	0	1	0
12	-1	0	1	2	1	0	1	"爆炎术"	80	0	150						175000						1	0	0	1	0
13	-1	0	1	2	1	0	1	"毁灭烈焰术"	88	0	200						265000						1	0	0	1	0
14	-1	0	1	2	1	0	1	"小挪移术"	83	0	188						245000						2	0	0	0	0
15	-1	0	1	2	1	0	1	"守护之魂术"	77	0	126						135000						1	0	0	0	0
16	-1	0	1	2	1	0	1	"毒炎术"	96	0	243						345000						2	0	0	0	0
17	-1	0	1	2	1	0	1	"暴风雪术"	93	0	223						315000						2	0	0	0	0
18	-1	0	1	2	1	0	1	"星辰一怒术"	100	0	258						410000						2	0	0	0	0
end																											
