//############################################
// POWERED BY MU ENGINE                                    //
//                    WWW.MUENGINE.ORG                      //
//###########################################

//┏━━━━━━━━━━━━━━━━━━━━━━━━━━━━━━━━━━━━━━━┓
//┃ Balgass Drop Settings                                                        ┃
//┗━━━━━━━━━━━━━━━━━━━━━━━━━━━━━━━━━━━━━━━┛
//---------------------------------------------------------------------------------
// MapSettings
//---------------------------------------------------------------------------------
0
//[MapIndex] [Drop Flag] [Min Monster Level] [Max MonsterLevel]
	0	0	0	1000	//	Lorencia
	1	0	0	1000	//	Dungeon
	2	0	0	1000	//	Devias
	3	0	0	1000	//	Noria
	4	0	0	1000	//	Losttower
	5	0	0	1000	//	Exile
	6	0	0	1000	//	Stadium
	7	0	0	1000	//	Atlans
	8	0	0	1000	//	Tarkan
	9	0	0	1000	//	Devil Square
	10	0	0	1000	//	Icarus
end
//---------------------------------------------------------------------------------
// Drop Settings
//---------------------------------------------------------------------------------
1
//[EventName] [DropZen] [EventItemType] [EventItemIndex] [EventItemLevel] [EventItemDropRate] [ItemDropRate] [ExItemDropRate]
	"Balgass"	1000000	0	0	0	0	100	1
end
//---------------------------------------------------------------------------------
// Item Drop Settings
//---------------------------------------------------------------------------------
2
//[Index] [Type] [MinLevel] [MaxLevel] [Skill] [Luck] [Option] [ExItemflag]

//2006년 8월 29일 업데이트 예정																		
//무기류									
	0	20	5	7	1	1	1	0	//"나이트블레이드"
	0	21	5	7	1	1	1	0	//"데스블레이드"
	4	20	5	7	1	1	1	0	//"에로우바이퍼보우"
	2	12	5	7	1	1	1	0	//"그레이트로드셉터"
	5	11	5	7	1	1	1	0	//"쿤둔의지팡이"
//엑설런트 무기류									
	0	16	0	0	1	0	0	1	//"파괴의검"
	3	10	0	0	1	0	0	1	//"드라곤스피어"
	5	6	0	0	1	0	0	1	//"부활의지팡이"
	5	9	0	0	1	0	0	1	//"드래곤소울지팡이"
	2	10	0	0	1	0	0	1	//"그레이트셉터"
	0	31	0	0	1	0	0	1	//"데스브로드"
	0	20	0	0	1	0	0	1	//"나이트블레이드"
//	5	11	0	0	1	0	0	1	//"쿤둔의지팡이"
	2	12	0	0	1	0	0	1	//"그레이트로드셉터"
	4	20	0	0	1	0	0	1	//"에로우바이퍼보우"
//엑설런트방패류									
	6	13	0	0	1	0	0	1	//"드라곤방패"
	6	16	0	0	1	0	0	1	//"엘리멘탈방패"
//일반 방어구류 									
	8	34	5	7	0	1	1	0	//"애쉬크로우갑옷"
	8	35	5	7	0	1	1	0	//"이클립스갑옷"
	8	36	5	7	0	1	1	0	//"아이리스갑옷"
	8	37	5	7	0	1	1	0	//"발리언트갑옷"
	8	38	5	7	0	1	1	0	//"글로리어스갑옷"
	8	29	5	7	0	1	1	0	//"드래곤나이트갑옷"
	8	30	5	7	0	1	1	0	//"베놈미스트갑옷"
	8	31	5	7	0	1	1	0	//"실피드레이갑옷"
	8	32	5	7	0	1	1	0	//"볼케이노갑옷"
	8	33	5	7	0	1	1	0	//"썬라이트갑옷"
	7	21	5	7	0	1	1	0	//"그레이트드라곤투구"
	8	21	5	7	0	1	1	0	//"그레이트드라곤갑옷"
	9	21	5	7	0	1	1	0	//"그레이트드라곤바지"
	7	22	5	7	0	1	1	0	//"블랙소울헬멧"
	8	22	5	7	0	1	1	0	//"블랙소울갑옷"
	9	22	5	7	0	1	1	0	//"블랙소울바지"
	7	24	5	7	0	1	1	0	//"레드스피릿헬멧"
	8	24	5	7	0	1	1	0	//"레드스피릿갑옷"
	9	24	5	7	0	1	1	0	//"레드스피릿바지"
	8	23	5	7	0	1	1	0	//"아스릴갑옷"
	9	23	5	7	0	1	1	0	//"아스릴바지"
	10	23	5	7	0	1	1	0	//"아스릴장갑"
	11	23	5	7	0	1	1	0	//"아스릴부츠"
	7	27	5	7	0	1	1	0	//"다크브리즌마스크"
	8	27	5	7	0	1	1	0	//"다크브리즌갑옷"
	9	27	5	7	0	1	1	0	//"다크브리즌바지"
//엑설런트방어구류									
	8	16	0	0	0	0	0	1	//"블랙드라곤갑옷"
	7	17	0	0	0	0	0	1	//"다크피닉스투구"
	8	17	0	0	0	0	0	1	//"다크피닉스갑옷"
	9	17	0	0	0	0	0	1	//"다크피닉스바지"
	7	18	0	0	0	0	0	1	//"그랜드소울헬멧"
	8	18	0	0	0	0	0	1	//"그랜드소울갑옷"
	9	18	0	0	0	0	0	1	//"그랜드소울바지"
	7	19	0	0	0	0	0	1	//"홀리스프릿헬멧"
	8	19	0	0	0	0	0	1	//"홀리스프릿갑옷"
	9	19	0	0	0	0	0	1	//"홀리스프릿바지"
	8	15	0	0	0	0	0	1	//"아틀란스갑옷"
	9	15	0	0	0	0	0	1	//"아틀란스바지"
	7	26	0	0	0	0	0	1	//"다크소울마스크"
	8	26	0	0	0	0	0	1	//"다크소울갑옷"
	10	21	0	0	0	0	0	1	//"그레이트드라곤장갑"
	11	21	0	0	0	0	0	1	//"그레이트드라곤부츠"
	10	22	0	0	0	0	0	1	//"블랙소울장갑"
	11	22	0	0	0	0	0	1	//"블랙소울부츠"
	10	24	0	0	0	0	0	1	//"레드스피릿장갑"
	11	24	0	0	0	0	0	1	//"레드스피릿부츠"
	10	20	0	0	0	0	0	1	//"선더호크장갑"
	11	20	0	0	0	0	0	1	//"선더호크부츠"
	10	27	0	0	0	0	0	1	//"다크브리즌장갑"
	11	27	0	0	0	0	0	1	//"다크브리즌부츠"
// 입장권									
	14	19	6	6	0	0	0	0	//"데빌스퀘어초대권"
	13	18	6	7	0	0	0	0	//"투명망토"
	14	28	6	7	0	0	0	0	//"잃어버린지도"
end									
