// Kill GM reward item - Max 100 lines
// luck - 2 means random / specific value 0 or 1
/----------------------------------------------------------------------------------------
|	Type	Index	Level	Luck	Skill	Option	Exc	ExcOptFixed
/----------------------------------------------------------------------------------------
	14	288	0	0	0	0	0	0
	14	287	0	0	0	0	0	0
	0	22	0	1	1	0	2	1
	0	23	0	1	1	0	2	1
	0	35	0	1	1	0	2	1
	2	14	0	1	1	0	2	1
	14	288	0	0	0	0	0	0
	14	287	0	0	0	0	0	0
	4	21	0	1	1	0	2	1
	5	12	0	1	0	0	2	1
	5	19	0	1	0	0	2	1
	14	288	0	0	0	0	0	0
	14	287	0	0	0	0	0	0


