// Text Ver. 0.0.0.2																					
// Version 1.01d  - T서버																					
// Version 1.01d  - M서버																					
// 최종 작업자 - 이민정																					
// 최종 작업일 - 2006-03-20																					
// 내용: 쿤둔 아이템 Drop 설정(베놈미스트로 인덱스 정상적용되도록 수정)																				
																					
//드롭가능맵 설정																					
0																					
//	MapIndex	Drop Flag	Min Monster Level	Max MonsterLevel																	
	0	0	0	1000	//로랜시아																
	1	0	0	1000	//던전																
	2	0	0	1000	//데비아스																
	3	0	0	1000	//노리아																
	4	0	0	1000	//로스트타워																
	5	0	0	1000	//빈공간																
	6	0	0	1000	//경기장(배틀사커)																
	7	0	0	1000	//아틀란스																
	8	0	0	1000	//타르칸																
	9	0	0	1000	//악마의광장																
	10	0	0	1000	//이카루스																
end																					
																					
//드롭젠 및 아이템드롭 확률																					
//이벤트아이템 드롭 확률은 EventItemDropRate/1000																					
//아이템드롭 확률은 ItemDropRate/100, ExItemDropRate/1000																					
1																					
//	EventName	DropZen	EventItemType	EventItemIndex	EventItemLevel	EventItemDropRate	ItemDropRate	ExItemDropRate													
	"KundunBoss"	1000000	0	0	0	0	100	50													
end																					
																					
//skill, luck, addtoption 의 값이 1이면 랜덤으로 적용, 0이면 적용안함 																					
2																					
//	type	index	min	max	skill	luck	addoption	exitemflag													
//무기류																						
//
	0	17	0	4	1	1	0	2	//다크브레이커												
	0	18	0	4	1	1	0	2	//선더블레이드												
	0	31	0	4	1	1	0	2	//데시브로드												
	0	20	0	4	1	1	0	2	//나이트블레이드												
	0	21	0	4	1	1	0	2	//데스블레이드												
	3	12	0	4	1	1	0	2	//그레이트로드셉터												
	4	19	0	4	1	1	0	2	//그레이트레인석궁												
	4	20	0	4	1	1	0	2	//에로우바이퍼보우												
	5	9	0	4	1	1	0	2	//드래곤소울지팡이												
	5	11	0	4	1	1	0	2	//쿤둔의지팡이												
	2	14	0	4	1	1	0	2	//솔레이유셉터												
	0	22	0	4	1	1	0	2	//드레곤나이트검												
	0	23	0	4	1	1	0	2	//익스플로전블레이드												
	4	21	0	4	1	1	0	2	//실프윈드보우		
	5	12	0	4	1	1	0	2	//그랜드바이퍼지팡이		
//											
	0	16	0	0	1	1	0	2	//엑설런트 파괴의검		
	2	10	0	0	1	1	0	2	//엑설런트 그레이트셉터		
	3	10	0	0	1	1	0	2	//엑설런트 드래곤스피어		
	3	10	0	0	1	1	0	2	//엑설런트 드래곤스피어		
	3	18	0	0	1	1	0	2	//엑설런트 드래곤스피어		
	4	16	0	0	1	1	0	2	//엑설런트 세인트크로스석궁		
	4	17	0	0	1	1	0	2	//엑설런트 홀리사이트보우		
	5	8	0	0	1	1	0	2	//엑설런트 파멸의지팡이		
											
//헬멧 및 투구류											
	7	21	0	4	0	1	0	2	//그레이트드라곤투구		
	7	22	0	4	0	1	0	2	//블랙소울헬멧		
	7	28	0	4	0	1	0	2	//다크마스터마스크		
										
//갑옷류											
	8	17	0	4	0	1	0	2	//다크피닉스갑옷		
	8	20	0	4	0	1	0	2	//선더호크갑옷		
	8	21	0	4	0	1	0	2	//그레이트드라곤갑옷		
	8	22	0	4	0	1	0	2	//블랙소울갑옷		
	8	23	0	4	0	1	0	2	//아스릴갑옷		
	8	24	0	4	0	1	0	2	//레드스피릿갑옷		
	8	28	0	4	0	1	0	2	//다크마스터갑옷		
	8	30	0	4	1	1	0	2	//베놈미스트갑옷		
	8	31	0	4	1	1	0	2	//실피드레이갑옷		
	8	32	0	4	1	1	0	2	//볼케이노갑옷		
	8	33	0	4	1	1	0	2	//썬라이트갑옷		
											
//바지류											
	9	21	0	4	0	1	0	2	//그레이트드라곤바지		
	9	22	0	4	0	1	0	2	//블랙소울바지		
	9	23	0	4	0	1	0	2	//아스릴바지		
	9	24	0	4	0	1	0	2	//레드스피릿바지		
	9	28	0	4	0	1	0	2	//다크마스터바지		
	7	95	0	4	0	1	0	2	//그레이트드라곤바지		
	8	95	0	4	0	1	0	2	//블랙소울바지		
	9	95	0	4	0	1	0	2	//아스릴바지		
	10	95	0	4	0	1	0	2	//레드스피릿바지		
	11	95	0	4	0	1	0	2	//다크마스터바지													
//장갑류											
	10	23	0	4	0	1	0	2	//아스릴장갑		
											
//부추류											
	11	23	0	4	0	1	0	2	//아스릴부츠
//		
	14	289	0	0	0	0	0	0	// mastery box standard
	14	336	0	0	0	0	0	0	// mastery box greater
//
	13	171	0	0	0	0	1	1	//	"고뇌의목걸이"
	13	172	0	0	0	0	1	1	//	"단단한징표"
	13	173	0	0	0	0	1	1	//	"궁극의고리"
	13	175	0	0	0	0	1	1	//	"수호자보호반지"
	13	176	0	0	0	0	1	1	//	"보호반지"
//
	6	22	0	4	0	1	0	0	//그레이트드라곤바지		
	6	23	0	4	0	1	0	0	//그레이트드라곤바지		
	6	24	0	4	0	1	0	0	//그레이트드라곤바지		
	6	25	0	4	0	1	0	0	//그레이트드라곤바지		
	6	26	0	4	0	1	0	0	//그레이트드라곤바지		
//
	7	53	0	4	0	1	0	0	//그레이트드라곤바지		
	7	54	0	4	0	1	0	0	//그레이트드라곤바지		
	7	55	0	4	0	1	0	0	//그레이트드라곤바지		
	7	56	0	4	0	1	0	0	//그레이트드라곤바지		
	7	58	0	4	0	1	0	0	//그레이트드라곤바지		
	7	74	0	4	0	1	0	0	//그레이트드라곤바지		
	7	75	0	4	0	1	0	0	//그레이트드라곤바지		
	7	77	0	4	0	1	0	0	//그레이트드라곤바지		
//
	8	53	0	4	0	1	0	0	//그레이트드라곤바지		
	8	54	0	4	0	1	0	0	//그레이트드라곤바지		
	8	55	0	4	0	1	0	0	//그레이트드라곤바지		
	8	56	0	4	0	1	0	0	//그레이트드라곤바지		
	8	57	0	4	0	1	0	0	//그레이트드라곤바지		
	8	58	0	4	0	1	0	0	//그레이트드라곤바지		
	8	74	0	4	0	1	0	0	//그레이트드라곤바지		
	8	75	0	4	0	1	0	0	//그레이트드라곤바지		
	8	76	0	4	0	1	0	0	//그레이트드라곤바지		
	8	77	0	4	0	1	0	0	//그레이트드라곤바지		
end
											