// Text Ver. 0.0.0.3																			
// 상용화 7주년 이벤트 행운의 동전 교환																			
// 최종 작업자 - 홍승욱																			
// 최종 작업일 - 2008-11-17 10:51 AM																			
// 내용: 행운의동전 30개 교환 아이템백 제작 (eventitembag58)																			
//드롭가능맵 설정																			
0																			
//	MapIndex	Drop Flag	Min Monster Level	Max MonsterLevel															
	0	0	0	1000	//로랜시아														
	1	0	0	1000	//던전														
	2	0	0	1000	//데비아스														
	3	0	0	1000	//노리아														
	4	0	0	1000	//로스트타워														
	5	0	0	1000	//빈공간														
	6	0	0	1000	//경기장(배틀사커)														
	7	0	0	1000	//아틀란스														
	8	0	0	1000	//타르칸														
	9	0	0	1000	//악마의광장														
	10	0	0	1000	//이카루스														
end																			
																			
//드롭젠 및 아이템드롭 확률																			
//이벤트아이템 드롭 확률은 EventItemDropRate/1000																			
//아이템드롭 확률은 ItemDropRate/100. ExItemDropRate/1000																			
1																			
//	EventName	DropZen	EventItemType	EventItemIndex	EventItemLevel	EventItemDropRate	ItemDropRate	ExItemDropRate											
	"LuckyCoinEvent30"	90000	0	0	0	0	1000	0											
end																			
																			
//skill. luck. addtoption 의 값이 1이면 랜덤으로 적용. 0이면 적용안함 																			
2																			
//	type	index	minLevel	maxLevel	skill	luck	addoption	exitemflag											
//2008년 11월 18일 ~																			
//획득확률 : 300/10000																			
300																			
	0	16	7	8	1	1	1	0	//파괴의검										
	2	5	7	8	1	1	1	0	//크리스탈검										
	2	10	7	8	1	1	1	0	//그레이트셉터										
	4	16	7	8	1	1	1	0	//세인트크로스석궁										
	5	6	7	8	1	1	1	0	//부활의지팡이										
	5	8	7	8	1	1	1	0	//파멸의지팡이										
end																			
//획득확률 : 600/10000																			
600																			
	7	16	7	9	0	1	1	0	//블랙드라곤투구										
	8	16	7	9	0	1	1	0	//블랙드라곤갑옷										
	9	16	7	9	0	1	1	0	//블랙드라곤바지										
	10	16	7	9	0	1	1	0	//블랙드라곤장갑										
	11	16	7	9	0	1	1	0	//블랙드라곤부츠										
	7	27	7	9	0	1	1	0	//다크브리즌마스크										
	8	27	7	9	0	1	1	0	//다크브리즌갑옷										
	9	27	7	9	0	1	1	0	//다크브리즌바지										
	10	27	7	9	0	1	1	0	//다크브리즌장갑										
	11	27	7	9	0	1	1	0	//다크브리즌부츠										
end																			
//획득확률 : 300/10000																			
300																			
	7	17	7	9	0	1	1	0	//다크피닉스투구										
	8	17	7	9	0	1	1	0	//다크피닉스갑옷										
	9	17	7	9	0	1	1	0	//다크피닉스바지										
	10	17	7	9	0	1	1	0	//다크피닉스장갑										
	11	17	7	9	0	1	1	0	//다크피닉스부츠										
	7	19	7	9	0	1	1	0	//홀리스프릿헬멧										
	8	19	7	9	0	1	1	0	//홀리스프릿갑옷										
	9	19	7	9	0	1	1	0	//홀리스프릿바지										
	10	19	7	9	0	1	1	0	//홀리스프릿장갑										
	11	19	7	9	0	1	1	0	//홀리스프릿부츠										
end																			
//획득확률 : 300/10000																			
300																			
	6	15	7	9	0	1	1	0	//그랜드소울방패										
	6	16	7	9	0	1	1	0	//엘리멘탈방패										
end																			
//획득확률 : 60/10000																			
60																			
	5	5	0	0	0	1	1	1	//전설의지팡이										
	4	14	0	0	0	1	1	1	//아쿠아골드석궁										
	2	5	0	0	0	1	1	1	//크리스탈검										
	0	14	0	0	0	1	1	1	//번개검										
	2	9	0	0	0	1	1	1	//마스터셉터										
end																			
//획득확률 : 60/10000																			
60																			
	7	1	0	0	0	1	1	1	//드라곤투구										
	8	1	0	0	0	1	1	1	//드라곤갑옷										
	9	1	0	0	0	1	1	1	//드라곤바지										
	10	1	0	0	0	1	1	1	//드라곤장갑										
	11	1	0	0	0	1	1	1	//드라곤부츠										
	7	14	0	0	0	1	1	1	//수호헬멧										
	8	14	0	0	0	1	1	1	//수호갑옷										
	9	14	0	0	0	1	1	1	//수호바지										
	10	14	0	0	0	1	1	1	//수호장갑										
	11	14	0	0	0	1	1	1	//수호부츠										
	7	3	0	0	0	1	1	1	//전설의헬멧										
	8	3	0	0	0	1	1	1	//전설의갑옷										
	9	3	0	0	0	1	1	1	//전설의바지										
	10	3	0	0	0	1	1	1	//전설의장갑										
	11	3	0	0	0	1	1	1	//전설의부츠										
	7	26	0	0	0	1	1	1	//다크소울마스크										
	8	26	0	0	0	1	1	1	//다크소울갑옷										
	9	26	0	0	0	1	1	1	//다크소울바지										
	10	26	0	0	0	1	1	1	//다크소울장갑										
	11	26	0	0	0	1	1	1	//다크소울부츠										
	7	40	7	9	0	1	1	0	//레드윙헬멧										
	8	40	7	9	0	1	1	0	//레드윙갑옷										
	9	40	7	9	0	1	1	0	//레드윙바지										
	10	40	7	9	0	1	1	0	//레드윙장갑										
	11	40	7	9	0	1	1	0	//레드윙부츠										
end																			
//획득확률 : 60/10000																			
60																			
	6	13	0	0	0	1	1	1	//드라곤방패										
	6	14	0	0	0	1	1	1	//전설의방패										
end																			
//획득확률 : 60/10000																			
60																			
	12	15	0	0	0	0	0	0	//혼돈의보석										
	14	14	0	0	0	0	0	0	//영혼의보석										
	14	22	0	0	0	0	0	0	//창조의보석										
	14	42	0	0	0	0	0	0	//조화의보석										
	14	16	0	0	0	0	0	0	//생명의보석										
end																			
//획득확률 : 60/10000																			
60																			
	14	19	5	6	0	0	0	0	//데빌스퀘어초대권										
	13	18	6	7	0	0	0	0	//투명망토										
	14	28	7	7	0	0	0	0	//잃어버린지도										
end																			
//획득확률 : 8200/10000																			
8200																			
	13	1	0	0	0	0	0	0	//사탄										
end																			
end																			
