// Text Ver. 0.0.0.3																		
// Version 1.00  - T서버																		
// Version 1.00  - M서버																		
// 최종 작업자 - 이민정																		
// 최종 작업일 - 2006-10-09  11:16:22 AM																		
// 내용: 마야 본서버용 아이템백(이벤트 종료로 일반 아이템 레벨 변경)																		
//드롭가능맵 설정																		
0																		
//	MapIndex	Drop Flag	Min Monster Level	Max MonsterLevel														
	0	0	0	1000	//로랜시아													
	1	0	0	1000	//던전													
	2	0	0	1000	//데비아스													
	3	0	0	1000	//노리아													
	4	0	0	1000	//로스트타워													
	5	0	0	1000	//빈공간													
	6	0	0	1000	//경기장(배틀사커)													
	7	0	0	1000	//아틀란스													
	8	0	0	1000	//타르칸													
	9	0	0	1000	//악마의광장													
	10	0	0	1000	//이카루스													
end																		
//드롭젠 및 아이템드롭 확률																		
//이벤트아이템 드롭 확률은 EventItemDropRate/1000																		
//아이템드롭 확률은 ItemDropRate/100 및 ExItemDropRate/1000																		
1																		
//	EventName	DropZen	EventItemType	EventItemIndex	EventItemLevel	EventItemDropRate	ItemDropRate	ExItemDropRate										
	"MayaHands"	0	0	0	0	0	100	1										
end																		
//skill luck addtoption 의 값이 1이면 랜덤으로 적용 0이면 적용안함 																		
2																		
//	type	index	minLevel	maxLevel	skill	luck	addoption	exitemflag										
//2006년 8월 29일 업데이트 예정																		
//무기류									
	0	17	4	6	1	1	1	0	//"다크브레이커"
	0	18	4	6	1	1	1	0	//"선더블레이드"
	2	11	4	6	1	1	1	0	//"로드셉터"
	4	19	4	6	1	1	1	0	//"그레이트레인석궁"
	5	9	4	6	1	1	1	0	//"드래곤소울지팡이"
//엑설런트 무기류									
	0	14	0	0	1	0	0	1	//"번개검"
	5	5	0	0	1	0	0	1	//"전설의지팡이"
	4	14	0	0	1	0	0	1	//"아쿠아골드석궁"
	4	16	0	0	1	0	0	1	//"세인트크로스석궁"
	2	9	0	0	1	0	0	1	//"마스터셉터"
	2	4	0	0	1	0	0	1	//"크리스탈모닝스타"
	2	5	0	0	1	0	0	1	//"크리스탈검"
//일반방패류									
	6	15	4	6	1	0	1	0	//"그랜드소울방패"
//엑설런트방패류									
	6	12	0	0	1	0	0	1	//"브론즈방패"
	6	16	0	0	1	0	0	1	//"엘리멘탈방패"
//일반 방어구류 									
	7	34	4	6	0	1	1	0	//"애쉬크로우헬멧"
	9	34	4	6	0	1	1	0	//"애쉬크로우바지"
	10	34	4	6	0	1	1	0	//"애쉬크로우장갑"
	11	34	4	6	0	1	1	0	//"애쉬크로우부츠"
	7	35	4	6	0	1	1	0	//"이클립스헬멧"
	9	35	4	6	0	1	1	0	//"이클립스바지"
	10	35	4	6	0	1	1	0	//"이클립스장갑"
	11	35	4	6	0	1	1	0	//"이클립스부츠"
	7	36	4	6	0	1	1	0	//"아이리스헬멧"
	9	36	4	6	0	1	1	0	//"아이리스바지"
	10	36	4	6	0	1	1	0	//"아이리스장갑"
	11	36	4	6	0	1	1	0	//"아이리스부츠"
	9	37	4	6	0	1	1	0	//"발리언트바지"
	10	37	4	6	0	1	1	0	//"발리언트장갑"
	11	37	4	6	0	1	1	0	//"발리언트부츠"
	7	38	4	6	0	1	1	0	//"글로리어스마스크"
	9	38	4	6	0	1	1	0	//"글로리어스바지"
	10	38	4	6	0	1	1	0	//"글로리어스장갑"
	11	38	4	6	0	1	1	0	//"글로리어스부츠"
	8	17	4	6	0	1	1	0	//"다크피닉스갑옷"
	9	17	4	6	0	1	1	0	//"다크피닉스바지"
	8	18	4	6	0	1	1	0	//"그랜드소울갑옷"
	9	18	4	6	0	1	1	0	//"그랜드소울바지"
	8	19	4	6	0	1	1	0	//"홀리스프릿갑옷"
	9	19	4	6	0	1	1	0	//"홀리스프릿바지"
	8	20	4	6	0	1	1	0	//"선더호크갑옷"
	9	20	4	6	0	1	1	0	//"선더호크바지"
	8	27	4	6	0	1	1	0	//"다크브리즌갑옷"
	9	27	4	6	0	1	1	0	//"다크브리즌바지"
//엑설런트방어구류									
	7	16	0	0	0	0	0	1	//"블랙드라곤투구"
	9	16	0	0	0	0	0	1	//"블랙드라곤바지"
	10	16	0	0	0	0	0	1	//"블랙드라곤장갑"
	11	16	0	0	0	0	0	1	//"블랙드라곤부츠"
	10	17	0	0	0	0	0	1	//"다크피닉스장갑"
	11	17	0	0	0	0	0	1	//"다크피닉스부츠"
	9	3	0	0	0	0	0	1	//"전설의바지"
	8	3	0	0	0	0	0	1	//"전설의갑옷"
	10	18	0	0	0	0	0	1	//"그랜드소울장갑"
	11	18	0	0	0	0	0	1	//"그랜드소울부츠"
	8	14	0	0	0	0	0	1	//"수호갑옷"
	9	14	0	0	0	0	0	1	//"수호바지"
	10	19	0	0	0	0	0	1	//"홀리스프릿장갑"
	11	19	0	0	0	0	0	1	//"홀리스프릿부츠"
	10	15	0	0	0	0	0	1	//"아틀란스장갑"
	11	15	0	0	0	0	0	1	//"아틀란스부츠"
	10	26	0	0	0	0	0	1	//"다크소울장갑"
	9	26	0	0	0	0	0	1	//"다크소울바지"
	11	26	0	0	0	0	0	1	//"다크소울부츠"
// 입장권									
	14	19	4	5	0	0	0	0	//"데빌스퀘어초대권"
	13	18	5	6	0	0	0	0	//"투명망토"
	14	28	6	7	0	0	0	0	//"잃어버린지도"
end									
