// Text Ver. 0.0.0.3																		
// Version 1.00  - T서버																		
// Version 1.00  - M서버																		
// 최종 작업자 - 이민정																		
// 최종 작업일 - 2006-10-09  11:16:22 AM																		
// 내용: 나이트메어 본서버용 아이템백(이벤트 종료로 일반아이템 레벨 변경 및 엑쿤지 삭제)																		
//드롭가능맵 설정																		
0																		
//	MapIndex	Drop Flag	Min Monster Level	Max MonsterLevel														
	0	0	0	1000	//로랜시아													
	1	0	0	1000	//던전													
	2	0	0	1000	//데비아스													
	3	0	0	1000	//노리아													
	4	0	0	1000	//로스트타워													
	5	0	0	1000	//빈공간													
	6	0	0	1000	//경기장(배틀사커)													
	7	0	0	1000	//아틀란스													
	8	0	0	1000	//타르칸													
	9	0	0	1000	//악마의광장													
	10	0	0	1000	//이카루스													
end																		
//드롭젠 및 아이템드롭 확률																		
//이벤트아이템 드롭 확률은 EventItemDropRate/1000																		
"//아이템드롭 확률은 ItemDropRate/100, ExItemDropRate/1000"																		
1																		
//	EventName	DropZen	EventItemType	EventItemIndex	EventItemLevel	EventItemDropRate	ItemDropRate	ExItemDropRate										
	"NightmareBoss"	0	0	0	0	0	100	1										
end																		
//skill luck addtoption 의 값이 1이면 랜덤으로 적용 0이면 적용안함 																		
2																		
//	type	index	minLevel	maxLevel	skill	luck	addoption	exitemflag										
//2006년 8월 29일 업데이트 예정																		
//무기류									
	0	20	5	7	1	1	1	2	//"나이트블레이드"
	0	21	5	7	1	1	1	2	//"데스블레이드"
	4	20	5	7	1	1	1	2	//"에로우바이퍼보우"
	2	12	5	7	1	1	1	2	//"그레이트로드셉터"
	5	11	5	7	1	1	1	2	//"쿤둔의지팡이"
//엑설런트 무기류									
	0	16	0	0	1	0	0	2	//"파괴의검"
	3	10	0	0	1	0	0	2	//"드라곤스피어"
	3	16	0	0	1	0	0	2	//"드라곤스피어"
	3	17	0	0	1	0	0	2	//"드라곤스피어"
	5	6	0	0	1	0	0	2	//"부활의지팡이"
	5	9	0	0	1	0	0	2	//"드래곤소울지팡이"
	2	10	0	0	1	0	0	2	//"그레이트셉터"
	0	31	0	0	1	0	0	2	//"데스브로드"
	0	20	0	0	1	0	0	2	//"나이트블레이드"
//	5	11	0	0	1	0	0	2	//"쿤둔의지팡이"
	2	12	0	0	1	0	0	2	//"그레이트로드셉터"
	4	20	0	0	1	0	0	2	//"에로우바이퍼보우"
//엑설런트방패류									
	6	13	0	0	1	0	0	2	//"드라곤방패"
	6	16	0	0	1	0	0	2	//"엘리멘탈방패"
	6	31	0	0	1	0	0	2	//"엘리멘탈방패"
//일반 방어구류 									
	8	34	5	7	0	1	1	2	//"애쉬크로우갑옷"
	8	35	5	7	0	1	1	2	//"이클립스갑옷"
	8	36	5	7	0	1	1	2	//"아이리스갑옷"
	8	37	5	7	0	1	1	2	//"발리언트갑옷"
	8	38	5	7	0	1	1	2	//"글로리어스갑옷"
	8	29	5	7	0	1	1	2	//"드래곤나이트갑옷"
	8	30	5	7	0	1	1	2	//"베놈미스트갑옷"
	8	31	5	7	0	1	1	2	//"실피드레이갑옷"
	8	32	5	7	0	1	1	2	//"볼케이노갑옷"
	8	33	5	7	0	1	1	2	//"썬라이트갑옷"
	7	21	5	7	0	1	1	2	//"그레이트드라곤투구"
	8	21	5	7	0	1	1	2	//"그레이트드라곤갑옷"
	9	21	5	7	0	1	1	2	//"그레이트드라곤바지"
	7	22	5	7	0	1	1	2	//"블랙소울헬멧"
	8	22	5	7	0	1	1	2	//"블랙소울갑옷"
	9	22	5	7	0	1	1	2	//"블랙소울바지"
	7	24	5	7	0	1	1	2	//"레드스피릿헬멧"
	8	24	5	7	0	1	1	2	//"레드스피릿갑옷"
	9	24	5	7	0	1	1	2	//"레드스피릿바지"
	8	23	5	7	0	1	1	2	//"아스릴갑옷"
	9	23	5	7	0	1	1	2	//"아스릴바지"
	10	23	5	7	0	1	1	2	//"아스릴장갑"
	11	23	5	7	0	1	1	2	//"아스릴부츠"
	7	27	5	7	0	1	1	2	//"다크브리즌마스크"
	8	27	5	7	0	1	1	2	//"다크브리즌갑옷"
	9	27	5	7	0	1	1	2	//"다크브리즌바지"
	7	95	5	7	0	1	1	2	//"아스릴장갑"
	8	95	5	7	0	1	1	2	//"아스릴부츠"
	9	95	5	7	0	1	1	2	//"다크브리즌마스크"
	10	95	5	7	0	1	1	2	//"다크브리즌갑옷"
	11	95	5	7	0	1	1	2	//"다크브리즌바지"
//엑설런트방어구류									
	8	16	0	0	0	0	0	2	//"블랙드라곤갑옷"
	7	17	0	0	0	0	0	2	//"다크피닉스투구"
	8	17	0	0	0	0	0	2	//"다크피닉스갑옷"
	9	17	0	0	0	0	0	2	//"다크피닉스바지"
	7	18	0	0	0	0	0	2	//"그랜드소울헬멧"
	8	18	0	0	0	0	0	2	//"그랜드소울갑옷"
	9	18	0	0	0	0	0	2	//"그랜드소울바지"
	7	19	0	0	0	0	0	2	//"홀리스프릿헬멧"
	8	19	0	0	0	0	0	2	//"홀리스프릿갑옷"
	9	19	0	0	0	0	0	2	//"홀리스프릿바지"
	8	15	0	0	0	0	0	2	//"아틀란스갑옷"
	9	15	0	0	0	0	0	2	//"아틀란스바지"
	7	26	0	0	0	0	0	2	//"다크소울마스크"
	8	26	0	0	0	0	0	2	//"다크소울갑옷"
	10	21	0	0	0	0	0	2	//"그레이트드라곤장갑"
	11	21	0	0	0	0	0	2	//"그레이트드라곤부츠"
	10	22	0	0	0	0	0	2	//"블랙소울장갑"
	11	22	0	0	0	0	0	2	//"블랙소울부츠"
	10	24	0	0	0	0	0	2	//"레드스피릿장갑"
	11	24	0	0	0	0	0	2	//"레드스피릿부츠"
	10	20	0	0	0	0	0	2	//"선더호크장갑"
	11	20	0	0	0	0	0	2	//"선더호크부츠"
	10	27	0	0	0	0	0	2	//"다크브리즌장갑"
	11	27	0	0	0	0	0	2	//"다크브리즌부츠"
	7	94	0	0	0	0	0	2	//"레드스피릿부츠"
	8	94	0	0	0	0	0	2	//"선더호크장갑"
	9	94	0	0	0	0	0	2	//"선더호크부츠"
	10	94	0	0	0	0	0	2	//"다크브리즌장갑"
	11	94	0	0	0	0	0	2	//"다크브리즌부츠"
// 입장권									
	14	19	6	6	0	0	0	0	//"데빌스퀘어초대권"
	13	18	6	7	0	0	0	0	//"투명망토"
	14	28	6	7	0	0	0	0	//"잃어버린지도"
//		
//	14	282	0	0	0	0	0	0	// mastery box minor	
	14	283	0	0	0	0	0	0	// mastery box standard
	14	284	0	0	0	0	0	0	// mastery box greater
//							
	14	342	0	0	0	0	0	0	// steel of heaven
end									
