// Text Ver. 0.0.0.4																					
// Version 0.97t  - T서버																					
// Version 0.97r  - M서버																					
// 최종 작업자 - 정동일																					
// 최종 작업일 - 오전 11:06 2003-12-22																				
// 내용: 성탄의 별 이벤트 (2003년 12월 18일 ~ 30일) 																					
																					
//드롭가능맵 설정																					
0																					
//	MapIndex	Drop Flag	Min Monster Level	Max MonsterLevel																	
	0	0	0	1000	//로랜시아																
	1	0	0	1000	//던전																
	2	1	0	1000	//데비아스																
	3	0	0	1000	//노리아																
	4	0	0	1000	//로스트타워																
	5	0	0	1000	//빈공간																
	6	0	0	1000	//경기장(배틀사커)																
	7	0	0	1000	//아틀란스																
	8	0	0	1000	//타르칸																
	9	0	0	1000	//악마의광장																
	10	0	0	1000	//이카루스																
end																					
																					
//드롭젠 및 아이템드롭 확률																					
//이벤트아이템 드롭 확률은 EventItemDropRate/1000																					
//아이템드롭 확률은 ItemDropRate/100, ExItemDropRate/1000																				
1																					
//	EventName	DropZen	EventItemType	EventItemIndex	EventItemLevel	EventItemDropRate	ItemDropRate	ExItemDropRate													
	"StarOfXMas"	50000	14	11	1	25	70	50													
end																					
																					
//skill, luck, addtoption 의 값이 1이면 랜덤으로 적용, 0이면 적용안함																				
2																					
//	type	index	min	max	skill	luck	addopt	exitemflag													
//2003년 12월 18일 ~ 30일																					
//무기류 및 방패류																					
	0	0	3	7	1	1	1	3	//크리스												
	0	2	3	7	1	1	1	3	//레이피어												
	0	4	3	7	1	1	1	3	//자객검												
	0	3	3	7	1	1	1	3	//카타치												
	0	10	3	7	1	1	1	3	//빛의검												
	0	11	3	7	1	1	1	3	//전설의검												
	0	13	3	7	1	1	1	3	//더블블레이드												
	1	1	3	7	1	1	1	3	//손도끼												
	1	2	3	7	1	1	1	3	//양날도끼												
	1	5	3	7	1	1	1	3	//전투도끼												
	1	6	3	7	1	1	1	3	//니케아도끼												
	1	7	3	7	1	1	1	3	//라르칸도끼												
	2	0	3	7	1	1	1	3	//전곤		
	2	1	3	7	1	1	1	3	//모닝스타		
	2	3	3	7	1	1	1	3	//그레이트해머		
	3	7	3	7	1	1	1	3	//버디슈		
	3	4	3	7	1	1	1	3	//서펜트스피어		
	4	8	3	7	1	1	1	3	//석궁		
	4	9	3	7	1	1	1	3	//황금석궁		
	4	11	3	7	1	1	1	3	//빛의석궁		
	4	4	3	7	1	1	1	3	//타이거보우		
	4	12	3	7	1	1	1	3	//서펜트석궁		
	5	0	3	7	1	1	1	3	//해골지팡이		
	5	3	3	7	1	1	1	3	//번개지팡이		
	5	15	3	7	0	1	1	3	//번개지팡이		
	6	4	3	7	1	1	1	3	//버클러		
	6	1	3	7	1	1	1	3	//뿔방패		
	6	2	3	7	1	1	1	3	//카이스트방패		
	6	5	3	7	1	1	1	3	//드래곤슬레이어방패		
	6	8	3	7	1	1	1	3	//타워방패		
	6	11	3	7	1	1	1	3	//서펜트방패		
											
//방어류											
	7	5	3	7	0	1	1	3	//가죽헬멧		
	8	5	3	7	0	1	1	3	//가죽갑옷		
	9	5	3	7	0	1	1	3	//가죽바지		
	10	5	3	7	0	1	1	3	//가죽장갑		
	11	5	3	7	0	1	1	3	//가죽부츠		
	7	2	3	7	0	1	1	3	//패드헬멧		
	8	2	3	7	0	1	1	3	//패드갑옷		
	9	2	3	7	0	1	1	3	//패드바지		
	10	2	3	7	0	1	1	3	//패드장갑		
	11	2	3	7	0	1	1	3	//패드부츠		
	7	0	3	7	0	1	1	3	//청동헬멧		
	8	0	3	7	0	1	1	3	//청동갑옷		
	9	0	3	7	0	1	1	3	//청동바지
	10	0	3	7	0	1	1	3	//청동장갑
	11	0	3	7	0	1	1	3	//청동부츠
	7	12	3	7	0	1	1	3	//바람의헬멧
	8	12	3	7	0	1	1	3	//바람의갑옷
	9	12	3	7	0	1	1	3	//바람의바지
	10	12	3	7	0	1	1	3	//바람의장갑
	11	12	3	7	0	1	1	3	//바람의부츠
	7	13	3	7	0	1	1	3	//정령헬멧
	8	13	3	7	0	1	1	3	//정령갑옷
	9	13	3	7	0	1	1	3	//정령바지
	10	13	3	7	0	1	1	3	//정령장갑
	11	13	3	7	0	1	1	3	//정령부츠
	7	7	3	7	0	1	1	3	//스핑크스헬멧
	8	7	3	7	0	1	1	3	//스핑크스갑옷
	9	7	3	7	0	1	1	3	//스핑크스바지
	10	7	3	7	0	1	1	3	//스핑크스장갑
	11	7	3	7	0	1	1	3	//스핑크스부츠
	7	39	3	7	0	1	1	3	//스핑크스헬멧
	8	39	3	7	0	1	1	3	//스핑크스갑옷
	9	39	3	7	0	1	1	3	//스핑크스바지
	10	39	3	7	0	1	1	3	//스핑크스장갑
	11	39	3	7	0	1	1	3	//스핑크스부츠
	7	59	3	7	0	1	1	3	//스핑크스헬멧
	8	59	3	7	0	1	1	3	//스핑크스갑옷
	9	59	3	7	0	1	1	3	//스핑크스바지
	0	32	3	7	1	1	1	3	//스핑크스장갑
	11	59	3	7	0	1	1	3	//스핑크스부츠
	7	91	3	7	0	1	1	3	//스핑크스헬멧
	8	91	3	7	0	1	1	3	//스핑크스갑옷
	9	91	3	7	0	1	1	3	//스핑크스바지
	10	91	3	7	0	1	1	3	//스핑크스장갑
	11	91	3	7	0	1	1	3	//스핑크스부츠
	7	92	3	7	0	1	1	3	//스핑크스헬멧
	8	92	3	7	0	1	1	3	//스핑크스갑옷
	9	92	3	7	0	1	1	3	//스핑크스바지
	10	92	3	7	0	1	1	3	//스핑크스장갑
	11	92	3	7	0	1	1	3	//스핑크스부츠
// 380 items
	0	22	0	0	1	0	0	1	//스핑크스부츠
	0	23	0	0	1	0	0	1	//스핑크스부츠
	2	14	0	0	1	0	0	1	//스핑크스부츠
	4	21	0	0	1	0	0	1	//스핑크스부츠
	5	12	0	0	0	0	0	1	//스핑크스부츠
	5	19	0	0	0	0	0	1	//스핑크스부츠
	0	22	0	0	1	1	0	1	//스핑크스부츠
	0	23	0	0	1	1	0	1	//스핑크스부츠
	2	14	0	0	1	1	0	1	//스핑크스부츠
	4	21	0	0	1	1	0	1	//스핑크스부츠
	5	12	0	0	0	1	0	1	//스핑크스부츠
	5	19	0	0	0	1	0	1	//스핑크스부츠
	0	19	0	0	1	1	0	1	//스핑크스부츠
	2	13	0	0	1	1	0	1	//스핑크스부츠
	4	18	0	0	1	1	0	1	//스핑크스부츠
	5	36	0	0	1	1	0	1	//스핑크스부츠
	0	19	0	0	1	0	0	1	//스핑크스부츠
	2	13	0	0	1	0	0	1	//스핑크스부츠
	4	18	0	0	1	0	0	1	//스핑크스부츠
	5	36	0	0	1	0	0	1	//스핑크스부츠
//일반아이템									
	13	2	0	0	0	0	0	0	//유니리아의뿔
	13	8	50	132	0	1	1	2	//얼음반지
	13	9	50	132	0	1	1	2	//독의반지
	13	12	50	132	0	1	1	2	//번개의목걸이
	13	13	50	132	0	1	1	2	//불의목걸이
	13	21	50	132	0	1	1	2	//불의목걸이
	13	22	50	132	0	1	1	2	//불의목걸이
	13	23	50	132	0	1	1	2	//불의목걸이
	13	24	50	132	0	1	1	2	//불의목걸이
	13	25	50	132	0	1	1	2	//불의목걸이
	13	26	50	132	0	1	1	2	//불의목걸이
	13	27	50	132	0	1	1	2	//불의목걸이
	13	28	50	132	0	1	1	2	//불의목걸이
	13	8	10	132	0	1	2	3	//얼음반지
	13	9	10	132	0	1	2	3	//독의반지
	13	12	10	132	0	1	2	3	//번개의목걸이
	13	13	10	132	0	1	2	3	//불의목걸이
	13	21	10	132	0	1	2	3	//불의목걸이
	13	22	10	132	0	1	2	3	//불의목걸이
	13	23	10	132	0	1	2	3	//불의목걸이
	13	24	10	132	0	1	2	3	//불의목걸이
	13	25	10	132	0	1	2	3	//불의목걸이
	13	26	10	132	0	1	2	3	//불의목걸이
	13	27	10	132	0	1	2	3	//불의목걸이
	13	28	10	132	0	1	2	3	//불의목걸이
	14	13	60	128	0	0	0	0	//축복의보석
	14	14	0	0	0	0	0	0	//영혼의보석
	12	15	0	0	0	0	0	0	//혼돈의보석
	14	86	50	128	0	0	0	0	//혼돈의보석
	14	121	10	128	0	0	0	0	//혼돈의보석
	14	122	10	128	0	0	0	0	//혼돈의보석
	6	29	2	128	1	1	1	3	//혼돈의보석
	6	30	2	128	1	1	1	3	//혼돈의보석
	6	29	5	128	1	1	1	2	//혼돈의보석
	6	30	5	128	1	1	1	2	//혼돈의보석
	3	14	2	128	1	1	1	3	//혼돈의보석
	3	14	2	128	1	1	1	3	//혼돈의보석
	3	14	2	128	1	1	1	3	//혼돈의보석
end									
