//############################################
// POWERED BY MU ENGINE                                    //
//                    WWW.MUENGINE.ORG                      //
//###########################################

//[Devias] Lumen The Barmaid
//Type	Index	Level	Dur	Skill	Luck	Option		
							
14	9	0	1	0	0	0 	//술
14	10	0	1	0	0	0 	//마을귀환문서
// 이벤트맵 관련							
13	16	1	1	0	0	0 	//대천사의서
13	16	2	1	0	0	0 	//대천사의서
13	16	3	1	0	0	0 	//대천사의서
13	16	4	1	0	0	0 	//대천사의서
13	16	5	1	0	0	0 	//대천사의서
13	16	6	1	0	0	0 	//대천사의서
13	16	7	1	0	0	0 	//대천사의서
13	16	8	1	0	0	0 	//대천사의서
13	17	1	1	0	0	0 	//블러드본
13	17	2	1	0	0	0 	//블러드본
13	17	3	1	0	0	0 	//블러드본
13	17	4	1	0	0	0 	//블러드본
13	17	5	1	0	0	0 	//블러드본
13	17	6	1	0	0	0 	//블러드본
13	17	7	1	0	0	0 	//블러드본
13	17	8	1	0	0	0 	//블러드본
13	49	1	1	0	0	0 	//대천사의서
13	49	2	1	0	0	0 	//대천사의서
13	49	3	1	0	0	0 	//대천사의서
13	49	4	1	0	0	0 	//대천사의서
13	49	5	1	0	0	0 	//대천사의서
13	49	6	1	0	0	0 	//대천사의서
13	50	1	1	0	0	0 	//블러드본
13	50	2	1	0	0	0 	//블러드본
13	50	3	1	0	0	0 	//블러드본
13	50	4	1	0	0	0 	//블러드본
13	50	5	1	0	0	0 	//블러드본
13	50	6	1	0	0	0 	//블러드본
14	17	1	1	0	0	0 	//악마의눈
14	17	2	1	0	0	0 	//악마의눈
14	17	3	1	0	0	0 	//악마의눈
14	17	4	1	0	0	0 	//악마의눈
14	17	5	1	0	0	0 	//악마의눈
14	17	6	1	0	0	0 	//악마의눈
14	17	7	1	0	0	0 	//악마의눈
14	18	1	1	0	0	0 	//악마의열쇠
14	18	2	1	0	0	0 	//악마의열쇠
14	18	3	1	0	0	0 	//악마의열쇠
14	18	4	1	0	0	0 	//악마의열쇠
14	18	5	1	0	0	0 	//악마의열쇠
14	18	6	1	0	0	0 	//악마의열쇠
14	18	7	1	0	0	0 	//악마의열쇠
//13	29	0	1	0	0	0 	//근위병의갑옷세트
13	239	0	0	0	0	0 	//화살(+2)
end
