// Generated from itemsettype.bmd with MuOnline PentiumTools
//index	tier1	tier2	tier3	tier4
0
2	21	0	0	0
14	11	0	0	0
17	57	0	0	0	//Dark Breaker
32	37	38	0	0
31	60	0	0	0	//Rune Blade
33	56	0	0	0	//Holy Storm Claw
34	63	0	0	0	//Piercing Blade Glove
end

1
end

2
1	1	0	0	0
11	61	0	0	0	//Lord Scepter
end

3
end

4
5	29	0	0	0
9	23	0	0	0
17	59	0	0	0	//Celestial Bow
end

5
0	13	0	0	0
8	51	0	0	0	//Staff of Destruction
9	58	0	0	0	//Dragon Soul Staff
18	62	0	0	0	//Demonic Stick
end

6
0	2	0	0	0
6	17	0	0	0
9	5	0	0	0
12	50	0	0	0	//Bronze Shield
30	74	0	0	0
32	72	0	0	0
//
42	143	0	0	0
end

7
0	4	0	0	0
1	11	12	0	0
2	13	14	0	0
3	19	20	0	0
4	16	0	0	0
5	1	2	0	0
6	5	6	0	0
7	17	0	0	0
8	8	0	0	0
9	10	0	0	0
10	21	22	0	0
11	23	0	0	0
12	25	0	0	0
13	28	0	0	0
14	0	30	0	0
17	57	0	0	0	//Dark Phoenix Helm
26	33	0	0	0
36	52	0	0	0	//Iris Helm
38	61	0	0	0	//Glorious Mask
40	35	36	0	0
59	37	0	0	0
61	63	0	0	0	//Piercing Groove Helm
62	39	0	0	0
63	40	0	0	0
64	41	0	0	0
65	42	0	0	0
66	43	0	0	0
67	44	0	0	0
68	45	0	0	0
69	46	0	0	0
70	47	0	0	0
72	49	0	0	0
85	65	0	0	0	//Great Dragon Helm
86	66	0	0	0	//Dark Soul Helm
87	67	0	0	0	//Red Spirit Helm
88	68	0	0	0	//Dark Master Mask
89	69	0	0	0	//Demonic Helm
90	70	0	0	0	//Piercing Groove Hel
240	79	0	0	0	//GL HELM NEW LUCKY3
92	71	0	0	0
94	72	0	0	0
95	74	0	0	0
96	76	0	0	0
97	77	0	0	0
98	78	0	0	0
99	80	0	0	0
100	82	0	0	0
101	84	0	0	0
103	88	0	0	0
104	90	0	0	0
105	92	0	0	0
//
122	144	0	0	0
123	145	0	0	0
124	146	0	0	0
125	147	0	0	0
127	160	0	0	0
128	161	0	0	0
// DARK ANGEL
138	110	0	0	0
139	111	0	0	0
140	112	0	0	0
141	113	0	0	0
143	115	0	0	0
144	116	0	0	0
145	117	0	0	0
// HOLY ANGEL
150	118	0	0	0
151	119	0	0	0
152	120	0	0	0
153	121	0	0	0
155	123	0	0	0
156	124	0	0	0
157	125	0	0	0
158	126	0	0	0
159	127	0	0	0
160	128	0	0	0
//
106	132	0	0	0
107	133	0	0	0
108	134	0	0	0
109	135	0	0	0
111	137	0	0	0
112	138	0	0	0
113	139	0	0	0
114	140	0	0	0
//
129	162	0	0	0
164	150	0	0	0
165	151	0	0	0
166	152	0	0	0
167	153	0	0	0
169	155	0	0	0
170	156	0	0	0
171	157	0	0	0
172	158	0	0	0
//
200	188	0	0	0
201	189	0	0	0
202	190	0	0	0
203	191	0	0	0
204	192	0	0	0
end



8
0	3	0	0	0
1	0	12	0	0
2	13	0	0	0
3	19	20	0	0
4	15	16	0	0
5	1	0	0	0
6	5	6	0	0
7	17	18	0	0
8	7	0	0	0
9	9	10	0	0
10	22	0	0	0
11	23	0	0	0
12	25	0	0	0
13	27	0	0	0
14	29	30	0	0
15	31	32	0	0
17	57	0	0	0	//Dark Phoenix Armor
18	58	0	0	0	//Grand Soul Armor
19	59	0	0	0	//Divine Armor
26	33	0	0	0
38	61	0	0	0	//Glorious Armor
40	0	36	0	0
41	55	0	0	0	//Ancient Armor
42	62	0	0	0	//Demonic Armor
59	37	38	0	0
61	63	0	0	0	//Piercing Groove Armor
62	39	0	0	0
63	40	0	0	0
64	41	0	0	0
65	42	0	0	0
66	43	0	0	0
67	44	0	0	0
68	45	0	0	0
69	46	0	0	0
70	47	0	0	0
71	48	0	0	0
72	49	0	0	0
84	64	0	0	0	//ThunderHawk Armor
85	65	0	0	0	//Great Dragon Armor
86	66	0	0	0	//Dark Soul Armor
87	67	0	0	0	//Red Spirit Armor
88	68	0	0	0	//Dark Master Armor
89	69	0	0	0	//Demonic Armor
90	70	0	0	0	//Piercing Groove Armor
240	79	0	0	0	//GL ARMOR NEW LUCKY3
92	71	0	0	0
94	72	0	0	0
95	74	0	0	0
96	76	0	0	0
97	77	0	0	0
98	78	0	0	0
99	80	0	0	0
100	82	0	0	0
101	84	0	0	0
102	86	0	0	0
103	88	0	0	0
104	90	0	0	0
105	92	0	0	0
//
119	142	143	0	0
122	144	0	0	0
123	145	0	0	0
124	146	0	0	0
125	147	0	0	0
127	160	0	0	0
128	161	0	0	0
// DARK ANGEL
138	110	0	0	0
139	111	0	0	0
140	112	0	0	0
141	113	0	0	0
142	114	0	0	0
143	115	0	0	0
144	116	0	0	0
145	117	0	0	0
// HOLY ANGEL
150	118	0	0	0
151	119	0	0	0
152	120	0	0	0
153	121	0	0	0
154	122	0	0	0
155	123	0	0	0
156	124	0	0	0
157	125	0	0	0
158	126	0	0	0
159	127	0	0	0
160	128	0	0	0
161	129	0	0	0
162	130	0	0	0
163	131	0	0	0
//
106	132	0	0	0
107	133	0	0	0
108	134	0	0	0
109	135	0	0	0
110	136	0	0	0
111	137	0	0	0
112	138	0	0	0
113	139	0	0	0
114	140	0	0	0
115	141	0	0	0
//
129	162	0	0	0
164	150	0	0	0
165	151	0	0	0
166	152	0	0	0
167	153	0	0	0
168	154	0	0	0
169	155	0	0	0
170	156	0	0	0
171	157	0	0	0
172	158	0	0	0
173	159	0	0	0
//
200	188	0	0	0
201	189	0	0	0
202	190	0	0	0
203	191	0	0	0
204	192	0	0	0
end

9
0	3	4	0	0
1	0	12	0	0
2	13	14	0	0
3	0	20	0	0
4	15	0	0	0
5	1	2	0	0
6	5	6	0	0
7	17	18	0	0
8	7	8	0	0
9	10	0	0	0
10	21	22	0	0
11	23	24	0	0
12	25	26	0	0
13	27	28	0	0
14	0	30	0	0
15	31	32	0	0
16	50	0	0	0	//Black Dragon Pants
17	57	0	0	0	//Dark Phoenix Pants
19	59	0	0	0	//Divine Pants
20	60	0	0	0	//Thunder Hawk Pants
26	33	34	0	0
35	51	0	0	0	//Eclipse Pants
36	52	0	0	0	//Iris Pants
40	35	0	0	0
42	62	0	0	0	//Demonic Pants
59	37	38	0	0
62	39	0	0	0
63	40	0	0	0
64	41	0	0	0
65	42	0	0	0
66	43	0	0	0
67	44	0	0	0
68	45	0	0	0
69	46	0	0	0
70	47	0	0	0
71	48	0	0	0
72	49	0	0	0
84	64	0	0	0	//ThunderHawk Pants
85	65	0	0	0	//Great Dragon Pants
86	66	0	0	0	//Dark Soul Pants
87	67	0	0	0	//Red Spirit Pants
88	68	0	0	0	//Dark Master Pants
89	69	0	0	0	//Demonic Pants
90	70	0	0	0	//Piercing Groove Pants
240	79	0	0	0	//GL ARMOR NEW LUCKY3
92	71	0	0	0
94	72	73	0	0
95	74	75	0	0
96	76	0	0	0
97	77	0	0	0
98	78	0	0	0
99	80	0	0	0
100	82	0	0	0
101	84	0	0	0
102	86	0	0	0
103	88	0	0	0
104	90	0	0	0
105	92	0	0	0
//
119	142	143	0	0
122	144	0	0	0
123	145	0	0	0
124	146	0	0	0
125	147	0	0	0
127	160	0	0	0
128	161	0	0	0
// DARK ANGEL
138	110	0	0	0
139	111	0	0	0
140	112	0	0	0
141	113	0	0	0
142	114	0	0	0
143	115	0	0	0
144	116	0	0	0
145	117	0	0	0
// HOLY ANGEL
150	118	0	0	0
151	119	0	0	0
152	120	0	0	0
153	121	0	0	0
154	122	0	0	0
155	123	0	0	0
156	124	0	0	0
157	125	0	0	0
158	126	0	0	0
159	127	0	0	0
160	128	0	0	0
161	129	0	0	0
162	130	0	0	0
163	131	0	0	0
//
106	132	0	0	0
107	133	0	0	0
108	134	0	0	0
109	135	0	0	0
110	136	0	0	0
111	137	0	0	0
112	138	0	0	0
113	139	0	0	0
114	140	0	0	0
115	141	0	0	0
//
129	162	0	0	0
164	150	0	0	0
165	151	0	0	0
166	152	0	0	0
167	153	0	0	0
168	154	0	0	0
169	155	0	0	0
170	156	0	0	0
171	157	0	0	0
172	158	0	0	0
173	159	0	0	0
//
200	188	0	0	0
201	189	0	0	0
202	190	0	0	0
203	191	0	0	0
204	192	0	0	0
end

10
0	4	0	0	0
1	11	0	0	0
2	13	0	0	0
3	19	0	0	0
4	16	0	0	0
5	1	0	0	0
6	6	0	0	0
7	17	0	0	0
8	7	0	0	0
9	9	0	0	0
10	21	0	0	0
11	23	24	0	0
12	25	0	0	0
13	27	0	0	0
14	29	0	0	0
15	0	32	0	0
18	58	0	0	0	//Grand Soul Gloves
20	60	0	0	0	//Thunder Hawk Gloves
26	0	34	0	0
27	54	0	0	0	//Dark Steel Gloves
38	61	0	0	0	//Glorious Gloves
40	35	36	0	0
42	62	0	0	0	//Demonic Gloves
62	39	0	0	0
63	40	0	0	0
64	41	0	0	0
65	42	0	0	0
66	43	0	0	0
67	44	0	0	0
68	45	0	0	0
69	46	0	0	0
70	47	0	0	0
71	48	0	0	0
84	64	0	0	0	//ThunderHawk Gloves
85	65	0	0	0	//Great Dragon Gloves
86	66	0	0	0	//Dark Soul Gloves
87	67	0	0	0	//Red Spirit Gloves
88	68	0	0	0	//Dark Master Gloves
89	69	0	0	0	//Demonic Gloves
240	79	0	0	0	//GL ARMOR NEW LUCKY3
94	73	0	0	0
95	75	0	0	0
96	76	0	0	0
97	77	0	0	0
99	80	0	0	0
100	82	0	0	0
101	84	0	0	0
102	86	0	0	0
103	88	0	0	0
105	92	0	0	0
//
119	142	0	0	0
122	144	0	0	0
123	145	0	0	0
124	146	0	0	0
125	147	0	0	0
127	160	0	0	0
128	161	0	0	0
//DARK ANGEL
139	111	0	0	0
140	112	0	0	0
141	113	0	0	0
142	114	0	0	0
143	115	0	0	0
145	117	0	0	0
// HOLY ANGEL
151	119	0	0	0
152	120	0	0	0
153	121	0	0	0
154	122	0	0	0
155	123	0	0	0
157	125	0	0	0
158	126	0	0	0
159	127	0	0	0
160	128	0	0	0
161	129	0	0	0
162	130	0	0	0
163	131	0	0	0
//
106	132	0	0	0
107	133	0	0	0
108	134	0	0	0
109	135	0	0	0
110	136	0	0	0
111	137	0	0	0
112	138	0	0	0
113	139	0	0	0
114	140	0	0	0
115	141	0	0	0
//
129	162	0	0	0
165	151	0	0	0
166	152	0	0	0
167	153	0	0	0
168	154	0	0	0
169	155	0	0	0
171	157	0	0	0
172	158	0	0	0
173	159	0	0	0
end

11
0	3	0	0	0
1	11	0	0	0
2	14	0	0	0
3	0	20	0	0
4	15	16	0	0
5	1	2	0	0
6	6	0	0	0
7	17	18	0	0
8	7	0	0	0
9	9	0	0	0
10	21	22	0	0
11	24	0	0	0
12	25	26	0	0
13	28	0	0	0
14	29	30	0	0
15	31	0	0	0
17	57	0	0	0	//Dark Phoenix Boots
18	58	0	0	0	//Grand Soul Boots
19	59	0	0	0	//Divine Boots
20	60	0	0	0	//Thunder Hawk Boots
26	0	34	0	0
27	54	0	0	0	//Dark Steel Boots
37	53	0	0	0	//Valiant Boots
38	61	0	0	0	//Glorious Boots
40	0	36	0	0
41	55	0	0	0	//Ancient Boots
59	38	0	0	0
61	63	0	0	0	//Piercing Groove Boots
62	39	0	0	0
63	40	0	0	0
64	41	0	0	0
65	42	0	0	0
66	43	0	0	0
67	44	0	0	0
68	45	0	0	0
69	46	0	0	0
70	47	0	0	0
71	48	0	0	0
72	49	0	0	0
84	64	0	0	0	//ThunderHawk Boots
85	65	0	0	0	//Great Dragon Boots
86	66	0	0	0	//Dark Soul Boots
87	67	0	0	0	//Red Spirit Boots
88	68	0	0	0	//Dark Master Boots
89	69	0	0	0	//Demonic Gloves
90	70	0	0	0	//Piercing Groove Boots
240	79	0	0	0	//GL ARMOR NEW LUCKY3
94	73	0	0	0
95	75	0	0	0
96	76	0	0	0
97	77	0	0	0
98	78	0	0	0
102	86	0	0	0
104	90	0	0	0
//s12
138	110	0	0	0
142	114	0	0	0
144	116	0	0	0
//
161	129	0	0	0
162	130	0	0	0
// HOLY ANGEL
150	118	0	0	0
154	122	0	0	0
156	124	0	0	0
163	131	0	0	0
//
106	132	0	0	0
110	136	0	0	0
112	138	0	0	0
115	141	0	0	0
//
119	142	0	0	0
124	146	0	0	0
125	147	0	0	0
//
164	150	0	0	0
168	154	0	0	0
170	156	0	0	0
173	159	0	0	0
//
200	188	0	0	0
201	189	0	0	0
202	190	0	0	0
203	191	0	0	0
204	192	0	0	0
end

12
end

13
8	1	62	73	0
9	9	33	75	0
12	5	60	0	0
13	7	53	0	0
21	19	32	0	0
22	21	12	0	0
23	9	71	63	0
24	13	35	0	0
25	13	34	0	0
26	15	59	0	0
27	31	58	0	0
28	29	56	0	0
end

14
end

15
end
