//Index	Name	2-1Opt	Val.2-1Opt	2-2Opt	Val.2-2Opt	3-1Op	Val.3-1Opt	3-2Opt	Val.3-2Opt	4-1Opt	Val.4-1Opt	4-2Opt	Val.4-2Opt	5-1Opt	Val.5-1Opt	5-2Opt	Val.5-2Opt	6-1Opt	Val.6-1Opt	6-2Opt	Val.6-2Opt	7-1Opt	Val.7-1Opt	7-2Opt	Val.7-2Opt	?	?	?	?	Full1	Val.Full1	Full2	Val.Full2	Full3	Val.Full3	Full4	Val.Full4	Full5	Val.Full5	DW	DK	ELF	MG	DL	SU	RF	GL	RW
1	"Warrior's"	0	10	-1	-1	19	10	-1	-1	13	20	-1	-1	14	5	-1	-1	10	20	-1	-1	1	10	-1	-1	-1	-1	-1	-1	15	5	17	5	0	25	-1	-1	-1	-1	-1	-1	-1	-1
2	"Anonymous's"	11	50	-1	-1	1	50	-1	-1	22	25	-1	-1	-1	-1	-1	-1	-1	-1	-1	-1	-1	-1	-1	-1	-1	-1	-1	-1	8	30	-1	-1	-1	-1	-1	-1	-1	-1	-1	-1	-1	-1
3	"Hyperion's"	2	15	-1	-1	1	15	-1	-1	-1	-1	-1	-1	-1	-1	-1	-1	-1	-1	-1	-1	-1	-1	-1	-1	-1	-1	-1	-1	19	20	12	30	-1	-1	-1	-1	-1	-1	-1	-1	-1	-1
4	"Mist's"	3	20	-1	-1	19	30	-1	-1	-1	-1	-1	-1	-1	-1	-1	-1	-1	-1	-1	-1	-1	-1	-1	-1	-1	-1	-1	-1	20	10	1	20	-1	-1	-1	-1	-1	-1	-1	-1	-1	-1
5	"Eplete's"	19	15	-1	-1	9	50	-1	-1	7	5	-1	-1	11	50	-1	-1	-1	-1	-1	-1	-1	-1	-1	-1	-1	-1	-1	-1	13	30	15	10	17	10	-1	-1	-1	-1	-1	-1	-1	-1
6	"Berserker's"	6	10	-1	-1	6	20	-1	-1	6	30	-1	-1	6	40	-1	-1	-1	-1	-1	-1	-1	-1	-1	-1	-1	-1	-1	-1	19	40	0	40	-1	-1	-1	-1	-1	-1	-1	-1	-1	-1
7	"Garuda's"	13	30	-1	-1	20	5	-1	-1	2	15	-1	-1	11	50	-1	-1	-1	-1	-1	-1	-1	-1	-1	-1	-1	-1	-1	-1	19	25	7	15	-1	-1	-1	-1	-1	-1	-1	-1	-1	-1
8	"Cloud's"	15	20	-1	-1	-1	-1	-1	-1	-1	-1	-1	-1	-1	-1	-1	-1	-1	-1	-1	-1	-1	-1	-1	-1	-1	-1	-1	-1	16	50	-1	-1	-1	-1	-1	-1	-1	-1	-1	-1	-1	-1
9	"Kantata's"	2	15	-1	-1	3	30	-1	-1	7	10	-1	-1	0	15	-1	-1	-1	-1	-1	-1	-1	-1	-1	-1	-1	-1	-1	-1	19	25	17	10	18	20	-1	-1	-1	-1	-1	-1	-1	-1
10	"Rave's"	19	20	-1	-1	20	10	-1	-1	-1	-1	-1	-1	-1	-1	-1	-1	-1	-1	-1	-1	-1	-1	-1	-1	-1	-1	-1	-1	23	30	21	5	-1	-1	-1	-1	-1	-1	-1	-1	-1	-1
11	"Hyon's"	10	25	-1	-1	20	10	-1	-1	19	20	-1	-1	-1	-1	-1	-1	-1	-1	-1	-1	-1	-1	-1	-1	-1	-1	-1	-1	15	15	17	15	16	20	18	20	-1	-1	-1	-1	-1	-1
12	"Vicious's"	19	15	-1	-1	8	15	-1	-1	20	10	-1	-1	-1	-1	-1	-1	-1	-1	-1	-1	-1	-1	-1	-1	-1	-1	-1	-1	5	20	6	30	21	5	-1	-1	-1	-1	-1	-1	-1	-1
13	"Apollo's"	2	10	-1	-1	7	5	-1	-1	19	10	-1	-1	12	30	-1	-1	11	30	-1	-1	13	20	-1	-1	-1	-1	-1	-1	15	10	17	10	2	30	-1	-1	-1	-1	-1	-1	-1	-1
14	"Barnake's"	7	10	-1	-1	2	20	-1	-1	-1	-1	-1	-1	-1	-1	-1	-1	-1	-1	-1	-1	-1	-1	-1	-1	-1	-1	-1	-1	19	30	12	100	-1	-1	-1	-1	-1	-1	-1	-1	-1	-1
15	"Evis's"	19	15	-1	-1	3	20	-1	-1	7	10	-1	-1	-1	-1	-1	-1	-1	-1	-1	-1	-1	-1	-1	-1	-1	-1	-1	-1	20	5	9	50	14	5	-1	-1	-1	-1	-1	-1	-1	-1
16	"Sylion's"	20	5	-1	-1	15	5	-1	-1	10	20	-1	-1	-1	-1	-1	-1	-1	-1	-1	-1	-1	-1	-1	-1	-1	-1	-1	-1	0	50	1	50	3	50	2	50	-1	-1	-1	-1	-1	-1
17	"Heras's"	0	15	-1	-1	7	10	-1	-1	22	5	-1	-1	2	15	-1	-1	9	50	-1	-1	-1	-1	-1	-1	-1	-1	-1	-1	15	10	17	10	11	50	12	50	-1	-1	-1	-1	-1	-1
18	"Minet's"	2	30	-1	-1	10	30	-1	-1	-1	-1	-1	-1	-1	-1	-1	-1	-1	-1	-1	-1	-1	-1	-1	-1	-1	-1	-1	-1	12	100	19	15	-1	-1	-1	-1	-1	-1	-1	-1	-1	-1
19	"Anubis's"	20	10	-1	-1	12	50	-1	-1	7	10	-1	-1	-1	-1	-1	-1	-1	-1	-1	-1	-1	-1	-1	-1	-1	-1	-1	-1	15	15	17	15	16	20	18	20	-1	-1	-1	-1	-1	-1
20	"Enis"	19	10	-1	-1	20	10	-1	-1	2	30	-1	-1	-1	-1	-1	-1	-1	-1	-1	-1	-1	-1	-1	-1	-1	-1	-1	-1	7	10	21	5	-1	-1	-1	-1	-1	-1	-1	-1	-1	-1
21	"Ceto's"	1	10	-1	-1	11	50	-1	-1	10	20	-1	-1	22	5	-1	-1	2	10	-1	-1	-1	-1	-1	-1	-1	-1	-1	-1	11	50	0	20	-1	-1	-1	-1	-1	-1	-1	-1	-1	-1
22	"Drake's"	1	20	-1	-1	8	25	-1	-1	20	20	-1	-1	-1	-1	-1	-1	-1	-1	-1	-1	-1	-1	-1	-1	-1	-1	-1	-1	10	40	15	10	-1	-1	-1	-1	-1	-1	-1	-1	-1	-1
23	"Gaia's"	19	10	-1	-1	12	25	-1	-1	0	10	-1	-1	20	5	-1	-1	-1	-1	-1	-1	-1	-1	-1	-1	-1	-1	-1	-1	1	30	17	10	18	10	-1	-1	-1	-1	-1	-1	-1	-1
24	"Fase's"	11	100	-1	-1	12	100	-1	-1	-1	-1	-1	-1	-1	-1	-1	-1	-1	-1	-1	-1	-1	-1	-1	-1	-1	-1	-1	-1	10	100	-1	-1	-1	-1	-1	-1	-1	-1	-1	-1	-1	-1
25	"Odin's"	2	15	-1	-1	11	50	-1	-1	9	50	-1	-1	1	30	-1	-1	-1	-1	-1	-1	-1	-1	-1	-1	-1	-1	-1	-1	12	50	21	5	13	50	-1	-1	-1	-1	-1	-1	-1	-1
26	"Elvian's"	1	30	-1	-1	-1	-1	-1	-1	-1	-1	-1	-1	-1	-1	-1	-1	-1	-1	-1	-1	-1	-1	-1	-1	-1	-1	-1	-1	21	5	-1	-1	-1	-1	-1	-1	-1	-1	-1	-1	-1	-1
27	"Argo's"	6	20	-1	-1	19	25	-1	-1	-1	-1	-1	-1	-1	-1	-1	-1	-1	-1	-1	-1	-1	-1	-1	-1	-1	-1	-1	-1	13	50	20	5	-1	-1	-1	-1	-1	-1	-1	-1	-1	-1
28	"Karis's"	19	15	-1	-1	20	10	-1	-1	-1	-1	-1	-1	-1	-1	-1	-1	-1	-1	-1	-1	-1	-1	-1	-1	-1	-1	-1	-1	15	10	1	40	-1	-1	-1	-1	-1	-1	-1	-1	-1	-1
29	"Gywen's"	1	30	-1	-1	5	20	-1	20	10	20	-1	-1	6	20	-1	-1	-1	-1	-1	-1	-1	-1	-1	-1	-1	-1	-1	-1	15	15	17	15	16	20	18	20	-1	-1	-1	-1	-1	-1
30	"Aruan's"	8	10	-1	-1	20	10	-1	-1	19	20	-1	-1	-1	-1	-1	-1	-1	-1	-1	-1	-1	-1	-1	-1	-1	-1	-1	-1	15	15	17	15	21	5	-1	-1	-1	-1	-1	-1	-1	-1
31	"Gaion's"	21	5	-1	-1	20	15	-1	-1	19	15	-1	-1	-1	-1	-1	-1	-1	-1	-1	-1	-1	-1	-1	-1	-1	-1	-1	-1	17	15	18	30	7	10	0	30	-1	-1	-1	-1	-1	-1
32	"Muren's"	19	10	-1	-1	7	10	-1	-1	20	10	-1	-1	-1	-1	-1	-1	-1	-1	-1	-1	-1	-1	-1	-1	-1	-1	-1	-1	15	15	17	15	10	25	23	20	-1	-1	-1	-1	-1	-1
33	"Agnis's"	20	10	-1	-1	10	40	-1	-1	19	20	-1	-1	-1	-1	-1	-1	-1	-1	-1	-1	-1	-1	-1	-1	-1	-1	-1	-1	15	15	17	15	16	20	18	20	-1	-1	-1	-1	-1	-1
34	"Broy's"	8	20	-1	-1	19	20	-1	-1	2	30	-1	-1	-1	-1	-1	-1	-1	-1	-1	-1	-1	-1	-1	-1	-1	-1	-1	-1	15	15	17	15	21	5	4	30	-1	-1	-1	-1	-1	-1
35	"Chrono¡¯s"	20	20	-1	-1	10	60	-1	-1	19	30	-1	-1	-1	-1	-1	-1	-1	-1	-1	-1	-1	-1	-1	-1	-1	-1	-1	-1	15	15	17	15	16	20	18	20	-1	-1	-1	-1	-1	-1
36	"Semeden¡¯s"	7	15	-1	-1	19	25	-1	-1	2	30	-1	-1	-1	-1	-1	-1	-1	-1	-1	-1	-1	-1	-1	-1	-1	-1	-1	-1	15	15	17	15	21	5	-1	-1	-1	-1	-1	-1	-1	-1
37	"Vega's"	9	50	-1	-1	3	50	-1	-1	6	30	-1	-1	-1	-1	-1	-1	-1	-1	-1	-1	-1	-1	-1	-1	-1	-1	-1	-1	17	15	20	5	21	5	-1	-1	-1	-1	-1	-1	-1	-1
38	"Chamer's"	10	50	-1	-1	20	5	-1	-1	8	30	-1	-1	-1	-1	-1	-1	-1	-1	-1	-1	-1	-1	-1	-1	-1	-1	-1	-1	16	30	17	15	19	30	18	20	-1	-1	-1	-1	-1	-1
39	"Moros's"	11	30	-1	-1	19	25	-1	-1	10	20	-1	-1	20	10	-1	-1	-1	-1	-1	-1	-1	-1	-1	-1	-1	-1	-1	-1	15	10	17	10	16	10	18	10	-1	-1	-1	-1	-1	-1
40	"Dione's"	11	30	-1	-1	19	25	-1	-1	10	20	-1	-1	20	10	-1	-1	-1	-1	-1	-1	-1	-1	-1	-1	-1	-1	-1	-1	15	10	17	10	16	10	18	10	-1	-1	-1	-1	-1	-1
41	"Hades's"	11	30	-1	-1	19	25	-1	-1	10	20	-1	-1	20	10	-1	-1	-1	-1	-1	-1	-1	-1	-1	-1	-1	-1	-1	-1	15	10	17	10	16	10	18	10	-1	-1	-1	-1	-1	-1
42	"Ophion's"	11	30	-1	-1	19	25	-1	-1	10	20	-1	-1	20	10	-1	-1	-1	-1	-1	-1	-1	-1	-1	-1	-1	-1	-1	-1	15	10	17	10	16	10	18	10	-1	-1	-1	-1	-1	-1
43	"Meter's"	11	50	-1	-1	10	40	-1	-1	20	15	-1	-1	15	15	-1	-1	-1	-1	-1	-1	-1	-1	-1	-1	-1	-1	-1	-1	17	15	16	20	18	20	21	5	-1	-1	-1	-1	-1	-1
44	"Hegaton's"	11	50	-1	-1	10	40	-1	-1	20	15	-1	-1	15	15	-1	-1	-1	-1	-1	-1	-1	-1	-1	-1	-1	-1	-1	-1	17	15	16	20	18	20	21	5	-1	-1	-1	-1	-1	-1
45	"Castol's"	11	50	-1	-1	10	40	-1	-1	20	15	-1	-1	15	15	-1	-1	-1	-1	-1	-1	-1	-1	-1	-1	-1	-1	-1	-1	17	15	16	20	18	20	21	5	-1	-1	-1	-1	-1	-1
46	"Taros's"	11	50	-1	-1	10	40	-1	-1	20	15	-1	-1	15	15	-1	-1	-1	-1	-1	-1	-1	-1	-1	-1	-1	-1	-1	-1	17	15	16	20	18	20	21	5	-1	-1	-1	-1	-1	-1
47	"Nemesis's"	11	50	-1	-1	10	40	-1	-1	20	15	-1	-1	15	15	-1	-1	-1	-1	-1	-1	-1	-1	-1	-1	-1	-1	-1	-1	17	15	16	20	18	20	21	5	-1	-1	-1	-1	-1	-1
48	"Amis's"	11	50	-1	-1	10	40	-1	-1	20	15	-1	-1	-1	-1	-1	-1	-1	-1	-1	-1	-1	-1	-1	-1	-1	-1	-1	-1	15	15	17	15	16	20	18	20	21	5	-1	-1	-1	-1
49	"Trite's"	11	50	-1	-1	10	40	-1	-1	20	15	-1	-1	-1	-1	-1	-1	-1	-1	-1	-1	-1	-1	-1	-1	-1	-1	-1	-1	15	15	17	15	16	20	18	20	21	5	-1	-1	-1	-1
50	"Maahes"	11	100	-1	-1	-1	-1	-1	-1	-1	-1	-1	-1	-1	-1	-1	-1	-1	-1	-1	-1	-1	-1	-1	-1	-1	-1	-1	-1	21	6	22	17	-1	-1	-1	-1	-1	-1	-1	-1	-1	-1
51	"Bes"	2	56	-1	-1	-1	-1	-1	-1	-1	-1	-1	-1	-1	-1	-1	-1	-1	-1	-1	-1	-1	-1	-1	-1	-1	-1	-1	-1	7	9	19	80	-1	-1	-1	-1	-1	-1	-1	-1	-1	-1
52	"Serket"	1	40	-1	-1	-1	-1	-1	-1	-1	-1	-1	-1	-1	-1	-1	-1	-1	-1	-1	-1	-1	-1	-1	-1	-1	-1	-1	-1	10	90	8	40	-1	-1	-1	-1	-1	-1	-1	-1	-1	-1
53	"Apis"	0	60	-1	-1	-1	-1	-1	-1	-1	-1	-1	-1	-1	-1	-1	-1	-1	-1	-1	-1	-1	-1	-1	-1	-1	-1	-1	-1	16	40	18	40	-1	-1	-1	-1	-1	-1	-1	-1	-1	-1
54	"Choms"	11	56	-1	-1	-1	-1	-1	-1	-1	-1	-1	-1	-1	-1	-1	-1	-1	-1	-1	-1	-1	-1	-1	-1	-1	-1	-1	-1	15	3	17	3	-1	-1	-1	-1	-1	-1	-1	-1	-1	-1
55	"Hapi"	1	10	-1	-1	-1	-1	-1	-1	-1	-1	-1	-1	-1	-1	-1	-1	-1	-1	-1	-1	-1	-1	-1	-1	-1	-1	-1	-1	21	1	10	40	-1	-1	-1	-1	-1	-1	-1	-1	-1	-1
56	"Horus"	5	80	-1	-1	-1	-1	-1	-1	-1	-1	-1	-1	-1	-1	-1	-1	-1	-1	-1	-1	-1	-1	-1	-1	-1	-1	-1	-1	19	60	20	4	-1	-1	-1	-1	-1	-1	-1	-1	-1	-1
57	"Bragi"	0	10	-1	-1	0	20	-1	-1	0	30	-1	-1	11	50	-1	-1	-1	-1	-1	-1	-1	-1	-1	-1	-1	-1	-1	-1	5	30	23	6	20	3	19	50	-1	-1	-1	-1	-1	-1
58	"Alvitr"	20	1	-1	-1	20	2	-1	-1	20	3	-1	-1	2	10	-1	-1	-1	-1	-1	-1	-1	-1	-1	-1	-1	-1	-1	-1	21	1	15	8	17	8	22	8	-1	-1	-1	-1	-1	-1
59	"Frigg"	5	40	-1	-1	6	40	-1	-1	5	50	-1	-1	6	50	-1	-1	-1	-1	-1	-1	-1	-1	-1	-1	-1	-1	-1	-1	15	7	17	7	11	50	10	20	-1	-1	-1	-1	-1	-1
60	"Tyr"	0	20	-1	-1	1	20	-1	-1	2	20	-1	-1	3	20	-1	-1	-1	-1	-1	-1	-1	-1	-1	-1	-1	-1	-1	-1	20	1	7	1	23	6	17	12	-1	-1	-1	-1	-1	-1
61	"Sutr"	22	2	-1	-1	10	20	-1	-1	0	30	-1	-1	11	70	-1	-1	-1	-1	-1	-1	-1	-1	-1	-1	-1	-1	-1	-1	19	40	16	80	15	11	2	60	-1	-1	-1	-1	-1	-1
62	"Elune's"	17	8	-1	-1	17	9	-1	-1	17	10	-1	-1	20	12	-1	-1	-1	-1	-1	-1	-1	-1	-1	-1	-1	-1	-1	-1	19	80	10	40	12	200	7	13	-1	-1	-1	-1	-1	-1
63	"Magni"	6	5	-1	-1	6	10	-1	-1	6	15	-1	-1	11	100	-1	-1	-1	-1	-1	-1	-1	-1	-1	-1	-1	-1	-1	-1	10	50	18	10	17	8	8	60	-1	-1	-1	-1	-1	-1
64	"Eos's"	11	70	-1	-1	10	60	-1	-1	20	17	-1	-1	15	17	-1	-1	-1	-1	-1	-1	-1	-1	-1	-1	-1	-1	-1	-1	17	15	16	25	18	25	21	7	-1	-1	-1	-1	-1	-1
65	"Momus's"	11	70	-1	-1	10	60	-1	-1	20	17	-1	-1	15	17	-1	-1	-1	-1	-1	-1	-1	-1	-1	-1	-1	-1	-1	-1	17	15	16	25	18	25	21	7	-1	-1	-1	-1	-1	-1
66	"Thanatos's"	11	70	-1	-1	10	60	-1	-1	20	17	-1	-1	15	17	-1	-1	-1	-1	-1	-1	-1	-1	-1	-1	-1	-1	-1	-1	17	15	16	25	18	25	21	7	-1	-1	-1	-1	-1	-1
67	"Hera's"	11	70	-1	-1	10	60	-1	-1	20	17	-1	-1	15	17	-1	-1	-1	-1	-1	-1	-1	-1	-1	-1	-1	-1	-1	-1	17	15	16	25	18	25	21	7	-1	-1	-1	-1	-1	-1
68	"Uranus's"	11	70	-1	-1	10	60	-1	-1	20	17	-1	-1	15	17	-1	-1	-1	-1	-1	-1	-1	-1	-1	-1	-1	-1	-1	-1	17	15	16	25	18	25	21	7	-1	-1	-1	-1	-1	-1
69	"Nyx's"	11	70	-1	-1	10	60	-1	-1	20	17	-1	-1	15	17	-1	-1	-1	-1	-1	-1	-1	-1	-1	-1	-1	-1	-1	-1	17	15	16	25	18	25	21	7	-1	-1	-1	-1	-1	-1
70	"Titan's"	11	70	-1	-1	10	60	-1	-1	20	17	-1	-1	15	17	-1	-1	-1	-1	-1	-1	-1	-1	-1	-1	-1	-1	-1	-1	17	15	16	25	18	25	21	7	-1	-1	-1	-1	-1	-1
71	"Dorov's"	8	20	19	20	11	100	12	100	22	5	-1	-1	-1	-1	-1	-1	-1	-1	-1	-1	-1	-1	-1	-1	-1	-1	-1	-1	15	10	17	10	-1	-1	-1	-1	-1	-1	-1	-1	-1	-1
72	"Anas's"	19	20	-1	-1	10	40	-1	-1	20	10	-1	-1	-1	-1	-1	-1	-1	-1	-1	-1	-1	-1	-1	-1	-1	-1	-1	-1	8	20	15	15	17	15	22	5	-1	-1	-1	-1	-1	-1
73	"Akhir's"	19	30	-1	-1	0	30	-1	-1	18	20	-1	-1	-1	-1	-1	-1	-1	-1	-1	-1	-1	-1	-1	-1	-1	-1	-1	-1	16	20	15	15	17	15	21	5	-1	-1	-1	-1	-1	-1
74	"Camill's"	5	30	-1	-1	6	50	-1	-1	20	10	-1	-1	-1	-1	-1	-1	-1	-1	-1	-1	-1	-1	-1	-1	-1	-1	-1	-1	8	20	15	15	17	15	22	5	-1	-1	-1	-1	-1	-1
75	"Carthy's"	19	30	-1	-1	1	30	-1	-1	18	20	-1	-1	-1	-1	-1	-1	-1	-1	-1	-1	-1	-1	-1	-1	-1	-1	-1	-1	16	20	15	15	17	15	21	5	-1	-1	-1	-1	-1	-1
76	"Dria's"	11	30	-1	-1	19	25	-1	-1	10	20	-1	-1	20	10	-1	-1	-1	-1	-1	-1	-1	-1	-1	-1	-1	-1	-1	-1	15	10	17	10	16	10	18	10	-1	-1	-1	-1	-1	-1
77	"Deruff's"	11	50	-1	-1	10	40	-1	-1	20	15	-1	-1	15	15	-1	-1	-1	-1	-1	-1	-1	-1	-1	-1	-1	-1	-1	-1	17	15	16	20	18	20	21	5	-1	-1	-1	-1	-1	-1
78	"Fury's"	19	25	0	50	20	10	26	50	15	15	17	15	-1	-1	-1	-1	-1	-1	-1	-1	-1	-1	-1	-1	-1	-1	-1	-1	21	5	24	10	25	20	16	30	18	30	-1	-1	-1	-1
79	"Athena's"	11	70	-1	-1	10	60	-1	-1	20	17	-1	-1	15	17	-1	-1	-1	-1	-1	-1	-1	-1	-1	-1	-1	-1	-1	-1	17	15	16	25	18	25	21	7	-1	-1	-1	-1	-1	-1
80	"Trans's"	19	25	2	50	20	10	27	50	15	15	17	15	-1	-1	-1	-1	-1	-1	-1	-1	-1	-1	-1	-1	-1	-1	-1	-1	21	5	24	10	25	20	16	30	18	30	-1	-1	-1	-1
82	"Flurry's"	19	25	1	50	20	10	26	50	15	15	17	15	-1	-1	-1	-1	-1	-1	-1	-1	-1	-1	-1	-1	-1	-1	-1	-1	21	5	24	10	25	20	16	30	18	30	-1	-1	-1	-1
84	"Honor's"	19	25	2	50	20	10	27	50	15	15	17	15	-1	-1	-1	-1	-1	-1	-1	-1	-1	-1	-1	-1	-1	-1	-1	-1	21	5	24	10	25	20	16	30	18	30	-1	-1	-1	-1
86	"Extremity's"	19	25	0	50	20	10	26	50	15	15	17	15	-1	-1	-1	-1	-1	-1	-1	-1	-1	-1	-1	-1	-1	-1	-1	-1	21	5	24	10	25	20	16	30	18	30	-1	-1	-1	-1
88	"Conquest's"	19	25	0	50	20	10	26	50	15	15	17	15	-1	-1	-1	-1	-1	-1	-1	-1	-1	-1	-1	-1	-1	-1	-1	-1	21	5	24	10	25	20	16	30	18	30	-1	-1	-1	-1
90	"Destruction's"	19	25	0	50	20	10	26	50	15	15	17	15	-1	-1	-1	-1	-1	-1	-1	-1	-1	-1	-1	-1	-1	-1	-1	-1	21	5	24	10	25	20	16	30	18	30	-1	-1	-1	-1
92	"Tenacity's"	19	25	0	50	20	10	26	50	15	15	17	15	-1	-1	-1	-1	-1	-1	-1	-1	-1	-1	-1	-1	-1	-1	-1	-1	21	5	24	10	25	20	16	30	18	30	-1	-1	-1	-1
110	"Courage's"	19	30	0	70	20	15	26	75	16	35	18	50	-1	-1	-1	-1	-1	-1	-1	-1	-1	-1	-1	-1	-1	-1	-1	-1	21	7	24	15	25	30	15	18	17	18	-1	-1	-1	-1
111	"Wisdom's"	19	40	2	70	20	15	27	75	16	35	18	50	-1	-1	-1	-1	-1	-1	-1	-1	-1	-1	-1	-1	-1	-1	-1	-1	21	7	24	15	25	40	15	18	17	18	-1	-1	-1	-1
112	"Speed's"	19	30	1	70	20	15	26	75	16	35	18	50	-1	-1	-1	-1	-1	-1	-1	-1	-1	-1	-1	-1	-1	-1	-1	-1	21	7	24	15	25	30	15	18	17	18	-1	-1	-1	-1
113	"Chaos's"	19	40	2	70	20	15	27	75	16	35	18	50	-1	-1	-1	-1	-1	-1	-1	-1	-1	-1	-1	-1	-1	-1	-1	-1	21	7	24	15	25	40	15	18	17	18	-1	-1	-1	-1
114	"Determination's"	19	30	0	70	20	15	26	75	16	35	18	50	-1	-1	-1	-1	-1	-1	-1	-1	-1	-1	-1	-1	-1	-1	-1	-1	21	7	24	15	25	30	15	18	17	18	-1	-1	-1	-1
115	"Justice's"	19	30	0	70	20	15	26	75	16	35	18	50	-1	-1	-1	-1	-1	-1	-1	-1	-1	-1	-1	-1	-1	-1	-1	-1	21	7	24	15	25	30	15	18	17	18	-1	-1	-1	-1
116	"Will's"	19	30	0	70	20	15	26	75	16	35	18	50	-1	-1	-1	-1	-1	-1	-1	-1	-1	-1	-1	-1	-1	-1	-1	-1	21	7	24	15	25	25	15	18	17	18	-1	-1	-1	-1
117	"Retribution's"	19	30	0	70	20	15	26	75	16	35	18	50	-1	-1	-1	-1	-1	-1	-1	-1	-1	-1	-1	-1	-1	-1	-1	-1	21	7	24	15	25	25	15	18	17	18	-1	-1	-1	-1
118	"Protection's"	19	35	0	90	20	18	26	100	16	40	18	70	-1	-1	-1	-1	-1	-1	-1	-1	-1	-1	-1	-1	-1	-1	-1	-1	21	9	24	20	25	40	15	20	17	20	-1	-1	-1	-1
119	"Tranquil's"	19	50	2	90	20	18	27	100	16	40	18	70	-1	-1	-1	-1	-1	-1	-1	-1	-1	-1	-1	-1	-1	-1	-1	-1	21	9	24	20	25	60	15	20	17	20	-1	-1	-1	-1
120	"Of's"	19	35	1	90	20	18	26	100	16	40	18	70	-1	-1	-1	-1	-1	-1	-1	-1	-1	-1	-1	-1	-1	-1	-1	-1	21	9	24	20	25	40	15	20	17	20	-1	-1	-1	-1
121	"Guardian's"	19	50	2	90	20	18	27	100	16	40	18	70	-1	-1	-1	-1	-1	-1	-1	-1	-1	-1	-1	-1	-1	-1	-1	-1	21	9	24	20	25	60	15	20	17	20	-1	-1	-1	-1
122	"Solid's"	19	35	0	90	20	18	26	100	16	40	18	70	-1	-1	-1	-1	-1	-1	-1	-1	-1	-1	-1	-1	-1	-1	-1	-1	21	9	24	20	25	40	15	20	17	20	-1	-1	-1	-1
123	"Determined's"	19	35	0	90	20	18	26	100	16	40	18	70	-1	-1	-1	-1	-1	-1	-1	-1	-1	-1	-1	-1	-1	-1	-1	-1	21	9	24	20	25	40	15	20	17	20	-1	-1	-1	-1
124	"Muscular's"	19	35	0	90	20	18	26	100	16	40	18	70	-1	-1	-1	-1	-1	-1	-1	-1	-1	-1	-1	-1	-1	-1	-1	-1	21	9	24	20	25	35	15	20	17	20	-1	-1	-1	-1
125	"Sacred's"	19	35	0	90	20	18	26	100	16	40	18	70	-1	-1	-1	-1	-1	-1	-1	-1	-1	-1	-1	-1	-1	-1	-1	-1	21	9	24	20	25	35	15	20	17	20	-1	-1	-1	-1
126	"Salvific's"	2	50	29	7	28	7	22	7	30	10	10	40	-1	-1	-1	-1	-1	-1	-1	-1	-1	-1	-1	-1	-1	-1	-1	-1	11	70	24	10	25	40	-1	-1	-1	-1	-1	-1	-1	-1
127	"Resurgent's"	2	70	29	16	28	16	22	14	30	20	10	80	-1	-1	-1	-1	-1	-1	-1	-1	-1	-1	-1	-1	-1	-1	-1	-1	11	150	24	15	25	65	-1	-1	-1	-1	-1	-1	-1	-1
128	"Healing's"	2	100	29	35	28	35	22	25	30	35	10	150	-1	-1	-1	-1	-1	-1	-1	-1	-1	-1	-1	-1	-1	-1	-1	-1	11	300	24	20	25	100	-1	-1	-1	-1	-1	-1	-1	-1
129	"Horsepower's"	19	25	2	50	20	10	27	50	15	15	17	15	-1	-1	-1	-1	-1	-1	-1	-1	-1	-1	-1	-1	-1	-1	-1	-1	21	5	24	10	25	20	16	30	18	30	-1	-1	-1	-1
130	"Fallen's"	19	40	2	70	20	15	27	75	15	18	17	18	-1	-1	-1	-1	-1	-1	-1	-1	-1	-1	-1	-1	-1	-1	-1	-1	21	7	24	15	25	40	16	35	18	50	-1	-1	-1	-1
131	"Decisive's"	19	50	2	90	20	18	27	100	15	20	17	20	-1	-1	-1	-1	-1	-1	-1	-1	-1	-1	-1	-1	-1	-1	-1	-1	21	9	24	20	25	60	16	40	18	70	-1	-1	-1	-1
//
132	"Knight Awake"	19	40	0	100	20	18	120	0	124	4	123	3	-1	-1	-1	-1	-1	-1	-1	-1	-1	-1	-1	-1	-1	-1	-1	-1	21	9	24	25	122	2	15	20	17	20	36	2	-1	-1	
133	"Wizard Awake"	19	55	2	100	20	18	121	1	124	4	123	3	-1	-1	-1	-1	-1	-1	-1	-1	-1	-1	-1	-1	-1	-1	-1	-1	21	9	24	25	122	2	15	20	17	20	36	2	-1	-1	
134	"Fairy Awake"	19	45	1	100	20	18	120	5	124	9	123	8	-1	-1	-1	-1	-1	-1	-1	-1	-1	-1	-1	-1	-1	-1	-1	-1	21	9	24	25	122	2	15	20	17	20	36	2	-1	-1	
135	"Summ Awake"	19	55	2	100	20	18	131	1	124	4	123	3	-1	-1	-1	-1	-1	-1	-1	-1	-1	-1	-1	-1	-1	-1	-1	-1	21	9	24	25	122	2	15	20	17	20	36	2	-1	-1	
136	"Magic Awake"	19	40	0	100	20	18	120	0	124	4	123	3	-1	-1	-1	-1	-1	-1	-1	-1	-1	-1	-1	-1	-1	-1	-1	-1	21	9	24	25	122	2	15	20	17	20	36	2	-1	-1	
137	"Lord Awake"	19	55	0	100	20	18	120	5	124	9	123	8	-1	-1	-1	-1	-1	-1	-1	-1	-1	-1	-1	-1	-1	-1	-1	-1	21	9	24	25	122	2	15	20	17	20	36	2	-1	-1	
138	"Fighter Awake"	19	40	0	100	20	18	120	0	124	4	123	3	-1	-1	-1	-1	-1	-1	-1	-1	-1	-1	-1	-1	-1	-1	-1	-1	21	9	24	25	122	2	15	20	17	20	36	2	-1	-1	
139	"Lancer Awake"	19	45	0	100	20	18	120	5	124	9	123	8	-1	-1	-1	-1	-1	-1	-1	-1	-1	-1	-1	-1	-1	-1	-1	-1	21	9	24	25	122	2	15	20	17	20	36	2	-1	-1	
140	"Fairy Awake"	2	120	29	43	28	43	22	35	30	50	10	220	-1	-1	-1	-1	-1	-1	-1	-1	-1	-1	-1	-1	-1	-1	-1	-1	11	480	24	25	122	2	-1	-1	-1	-1	-1	-1	-1	-1	
141	"Magic Awake"	19	55	2	100	20	18	121	1	124	4	123	3	-1	-1	-1	-1	-1	-1	-1	-1	-1	-1	-1	-1	-1	-1	-1	-1	21	9	24	25	122	2	15	20	17	20	36	2	-1	-1	
//
142 	 "Arcadin's"	21	5	-1	-1	7	10	-1	-1	2	30	-1	-1	-1	-1	-1	-1	-1	-1	-1	-1	-1	-1	-1	-1	-1	-1	-1	-1	15	15	17	15	16	20	18	20	-1	-1	-1	-1	-1	-1	
143 	 "Emile's"	20	10	-1	-1	11	300	-1	-1	10	45	-1	-1	-1	-1	-1	-1	-1	-1	-1	-1	-1	-1	-1	-1	-1	-1	-1	-1	19	10	15	15	17	15	13	50	-1	-1	-1	-1	-1	-1	
//
144	"Vengeful"	19	25	0	50	20	10	26	50	15	15	17	15	-1	-1	-1	-1	-1	-1	-1	-1	-1	-1	-1	-1	-1	-1	-1	-1	21	5	24	10	25	20	16	30	18	30	-1	-1	-1	-1
145	"Cold"		19	40	2	70	20	15	27	75	16	35	18	50	-1	-1	-1	-1	-1	-1	-1	-1	-1	-1	-1	-1	-1	-1	-1	-1	21	7	24	15	25	40	15	18	17	18	-1	-1	-1	-1
146	"Perth's"	11	30	-1	-1	19	25	-1	-1	10	20	-1	-1	20	10	-1	-1	-1	-1	-1	-1	-1	-1	-1	-1	-1	-1	-1	-1	15	10	17	10	16	10	18	10	-1	-1	-1	-1	-1	-1
147	"Peihu's"	11	50	-1	-1	10	40	-1	-1	20	15	-1	-1	15	15	-1	-1	-1	-1	-1	-1	-1	-1	-1	-1	-1	-1	-1	-1	17	15	16	20	18	20	21	5	-1	-1	-1	-1	-1	-1
//
150	"Knight Frost"	126	21	127	15	20	18	120	19	124	23	123	22	-1	-1	-1	-1	-1	-1	-1	-1	-1	-1	-1	-1	-1	-1	-1	-1	21	9	130	16	122	18	15	20	17	20	36	4	125	17	
151	"Wizard Frost"	126	25	129	15	20	18	121	20	124	23	123	22	-1	-1	-1	-1	-1	-1	-1	-1	-1	-1	-1	-1	-1	-1	-1	-1	21	9	130	16	122	18	15	20	17	20	36	4	125	17	
152	"Fairy Frost"	126	28	128	15	20	18	120	24	124	27	123	26	-1	-1	-1	-1	-1	-1	-1	-1	-1	-1	-1	-1	-1	-1	-1	-1	21	9	130	16	122	18	15	20	17	20	36	4	125	17	
153	"Summ Frost"	126	25	129	15	20	18	131	20	124	23	123	22	-1	-1	-1	-1	-1	-1	-1	-1	-1	-1	-1	-1	-1	-1	-1	-1	21	9	130	16	122	18	15	20	17	20	36	4	125	17	
154	"Magic Frost"	126	21	127	15	20	18	120	19	124	23	123	22	-1	-1	-1	-1	-1	-1	-1	-1	-1	-1	-1	-1	-1	-1	-1	-1	21	9	130	16	122	18	15	20	17	20	36	4	125	17	
155	"Lord Frost"	126	25	127	15	20	18	120	24	124	27	123	26	-1	-1	-1	-1	-1	-1	-1	-1	-1	-1	-1	-1	-1	-1	-1	-1	21	9	130	16	122	18	15	20	17	20	36	4	125	17	
156	"Fighter Frost"	126	21	127	15	20	18	120	19	124	23	123	22	-1	-1	-1	-1	-1	-1	-1	-1	-1	-1	-1	-1	-1	-1	-1	-1	21	9	130	16	122	18	15	20	17	20	36	4	125	17	
157	"Lancer Frost"	126	28	127	15	20	18	120	24	124	27	123	26	-1	-1	-1	-1	-1	-1	-1	-1	-1	-1	-1	-1	-1	-1	-1	-1	21	9	130	16	122	18	15	20	17	20	36	4	125	17	
158	"Fairy Frost"	129	29	29	51	28	51	22	45	30	65	10	270	-1	-1	-1	-1	-1	-1	-1	-1	-1	-1	-1	-1	-1	-1	-1	-1	11	480	130	16	122	18	-1	-1	-1	-1	-1	-1	-1	-1	
159	"Magic Frost"		126	25	129	15	20	18	121	20	124	23	123	22	-1	-1	-1	-1	-1	-1	-1	-1	-1	-1	-1	-1	-1	-1	-1	-1	21	9	130	16	122	18	15	20	17	20	36	4	125	17	
//
160	"Obsessive"	19	50	2	90	20	18	27	100	16	40	18	70	-1	-1	-1	-1	-1	-1	-1	-1	-1	-1	-1	-1	-1	-1	-1	-1	21	9	24	20	25	60	15	20	17	20	-1	-1	-1	-1
161	"RuneWiz Awake"	19	55	2	100	20	18	121	1	124	4	123	3	-1	-1	-1	-1	-1	-1	-1	-1	-1	-1	-1	-1	-1	-1	-1	-1	21	9	24	25	122	2	15	20	17	20	36	2	-1	-1	
//
162	"RuneWiz Frost"	126	25	129	15	20	18	121	20	124	23	123	22	-1	-1	-1	-1	-1	-1	-1	-1	-1	-1	-1	-1	-1	-1	-1	-1	21	9	130	16	122	18	15	20	17	20	36	4	125	17	
//
188	"Def. Knight 1st"	19	10	3	80	20	5	10	30	15	5	17	5	-1	-1	-1	-1	-1	-1	-1	-1	-1	-1	-1	-1	-1	-1	-1	-1	38	50	24	10	25	20	37	5	22	10	-1	-1	-1	-1
189	"Def. Knight 2nd"	19	14	3	120	20	10	10	60	15	10	17	10	-1	-1	-1	-1	-1	-1	-1	-1	-1	-1	-1	-1	-1	-1	-1	-1	38	80	24	15	25	30	37	8	22	14	-1	-1	-1	-1
190	"Def. Knight 3rd"	19	18	3	160	20	15	10	90	15	15	17	15	-1	-1	-1	-1	-1	-1	-1	-1	-1	-1	-1	-1	-1	-1	-1	-1	38	110	24	20	25	40	37	12	22	18	-1	-1	-1	-1
191	"Def. Knight 4th"	19	22	3	200	20	18	10	120	15	20	17	20	-1	-1	-1	-1	-1	-1	-1	-1	-1	-1	-1	-1	-1	-1	-1	-1	38	140	24	25	122	2	37	17	22	22	31	1	-1	-1
192	"Def. Knight 5th"	126	21	3	240	20	18	10	150	15	25	17	25	-1	-1	-1	-1	-1	-1	-1	-1	-1	-1	-1	-1	-1	-1	-1	-1	38	170	130	16	122	18	37	23	22	26	31	2	125	17
end
