/---------------------------------------------------------------------------------------------------------------------------------------------------------------------------/																					
|	Type	Index	LevelMin	LeveMax	Luck	Skill	Option	MaxExc	ExcOptFixed	Joh	Socket1	Socket2	Socket3	Socket4	Socket5	SetOption	Expiry(day) |				
/---------------------------------------------------------------------------------------------------------------------------------------------------------------------------/																					
//	Gloves																				
	10	0	2		4	1	0	1	2	10		0	255	255	255	255	255	0		0	
	10	1	2		4	1	0	1	2	10		0	255	255	255	255	255	0		0	
	10	2	2		4	1	0	1	2	10		0	255	255	255	255	255	0		0	
	10	3	2		4	1	0	1	2	10		0	255	255	255	255	255	0		0	
	10	4	2		4	1	0	1	2	10		0	255	255	255	255	255	0		0	
	10	5	2		4	1	0	1	2	10		0	255	255	255	255	255	0		0	
	10	6	2		4	1	0	1	2	10		0	255	255	255	255	255	0		0	
	10	7	2		4	1	0	1	2	10		0	255	255	255	255	255	0		0	
	10	8	2		4	1	0	1	2	10		0	255	255	255	255	255	0		0	
	10	9	2		4	1	0	1	2	10		0	255	255	255	255	255	0		0	
	10	10	2		4	1	0	1	2	10		0	255	255	255	255	255	0		0	
	10	11	2		4	1	0	1	2	10		0	255	255	255	255	255	0		0	
	10	12	2		4	1	0	1	2	10		0	255	255	255	255	255	0		0	
	10	13	2		4	1	0	1	2	10		0	255	255	255	255	255	0		0	
	10	14	2		4	1	0	1	2	10		0	255	255	255	255	255	0		0	
	10	15	2		4	1	0	1	2	10		0	255	255	255	255	255	0		0
	10	39	2		4	1	0	1	2	10		0	255	255	255	255	255	0		0
//	Boots																				
	11	0	2		4	1	0	1	2	10		0	255	255	255	255	255	0		0	
	11	1	2		4	1	0	1	2	10		0	255	255	255	255	255	0		0	
	11	2	2		4	1	0	1	2	10		0	255	255	255	255	255	0		0	
	11	3	2		4	1	0	1	2	10		0	255	255	255	255	255	0		0	
	11	4	2		4	1	0	1	2	10		0	255	255	255	255	255	0		0	
	11	5	2		4	1	0	1	2	10		0	255	255	255	255	255	0		0	
	11	6	2		4	1	0	1	2	10		0	255	255	255	255	255	0		0	
	11	7	2		4	1	0	1	2	10		0	255	255	255	255	255	0		0	
	11	8	2		4	1	0	1	2	10		0	255	255	255	255	255	0		0	
	11	9	2		4	1	0	1	2	10		0	255	255	255	255	255	0		0	
	11	10	2		4	1	0	1	2	10		0	255	255	255	255	255	0		0	
	11	11	2		4	1	0	1	2	10		0	255	255	255	255	255	0		0	
	11	12	2		4	1	0	1	2	10		0	255	255	255	255	255	0		0	
	11	13	2		4	1	0	1	2	10		0	255	255	255	255	255	0		0	
	11	14	2		4	1	0	1	2	10		0	255	255	255	255	255	0		0	
	11	15	2		4	1	0	1	2	10		0	255	255	255	255	255	0		0	
	11	39	2		4	1	0	1	2	10		0	255	255	255	255	255	0		0
	11	61	2		4	1	0	1	2	10		0	255	255	255	255	255	0		0
//	Gloves																				
	10	0	2		4	0	0	1	2	45		0	255	255	255	255	255	0		0	
	10	1	2		4	0	0	1	2	45		0	255	255	255	255	255	0		0	
	10	2	2		4	0	0	1	2	45		0	255	255	255	255	255	0		0	
	10	3	2		4	0	0	1	2	45		0	255	255	255	255	255	0		0	
	10	4	2		4	0	0	1	2	45		0	255	255	255	255	255	0		0	
	10	5	2		4	0	0	1	2	45		0	255	255	255	255	255	0		0	
	10	6	2		4	0	0	1	2	45		0	255	255	255	255	255	0		0	
	10	7	2		4	0	0	1	2	45		0	255	255	255	255	255	0		0	
	10	8	2		4	0	0	1	2	45		0	255	255	255	255	255	0		0	
	10	9	2		4	0	0	1	2	45		0	255	255	255	255	255	0		0	
	10	10	2		4	0	0	1	2	45		0	255	255	255	255	255	0		0	
	10	11	2		4	0	0	1	2	45		0	255	255	255	255	255	0		0	
	10	12	2		4	0	0	1	2	45		0	255	255	255	255	255	0		0	
	10	13	2		4	0	0	1	2	45		0	255	255	255	255	255	0		0	
	10	14	2		4	0	0	1	2	45		0	255	255	255	255	255	0		0	
	10	15	2		4	0	0	1	2	45		0	255	255	255	255	255	0		0
	10	39	2		4	0	0	1	2	45		0	255	255	255	255	255	0		0
//	Boots																				
	11	0	2		4	0	0	1	2	45		0	255	255	255	255	255	0		0	
	11	1	2		4	0	0	1	2	45		0	255	255	255	255	255	0		0	
	11	2	2		4	0	0	1	2	45		0	255	255	255	255	255	0		0	
	11	3	2		4	0	0	1	2	45		0	255	255	255	255	255	0		0	
	11	4	2		4	0	0	1	2	45		0	255	255	255	255	255	0		0	
	11	5	2		4	0	0	1	2	45		0	255	255	255	255	255	0		0	
	11	6	2		4	0	0	1	2	45		0	255	255	255	255	255	0		0	
	11	7	2		4	0	0	1	2	45		0	255	255	255	255	255	0		0	
	11	8	2		4	0	0	1	2	45		0	255	255	255	255	255	0		0	
	11	9	2		4	0	0	1	2	45		0	255	255	255	255	255	0		0	
	11	10	2		4	0	0	1	2	45		0	255	255	255	255	255	0		0	
	11	11	2		4	0	0	1	2	45		0	255	255	255	255	255	0		0	
	11	12	2		4	0	0	1	2	45		0	255	255	255	255	255	0		0	
	11	13	2		4	0	0	1	2	45		0	255	255	255	255	255	0		0	
	11	14	2		4	0	0	1	2	45		0	255	255	255	255	255	0		0	
	11	15	2		4	0	0	1	2	45		0	255	255	255	255	255	0		0	
	11	39	2		4	0	0	1	2	45		0	255	255	255	255	255	0		0	
	11	61	2		4	0	0	1	2	45		0	255	255	255	255	255	0		0	
// sockets
	0	26	0		0	0	1	0	0	0		0	254	254	255	255	255	0		0
	0	28	0		0	0	1	0	0	0		0	254	254	255	255	255	0		0
	2	16	0		0	0	1	0	0	0		0	254	254	255	255	255	0		0
	2	17	0		0	0	1	0	0	0		0	254	254	255	255	255	0		0
	4	23	0		0	0	1	0	0	0		0	254	254	255	255	255	0		0
	5	20	0		0	0	1	0	0	0		0	254	254	255	255	255	0		0
	5	30	0		0	0	1	0	0	0		0	254	254	255	255	255	0		0
	5	31	0		0	0	1	0	0	0		0	254	254	255	255	255	0		0
	6	17	0		0	0	1	0	0	0		0	254	254	255	255	255	0		0
	6	18	0		0	0	1	0	0	0		0	254	254	255	255	255	0		0
	6	19	0		0	0	1	0	0	0		0	254	254	255	255	255	0		0
// ACC																	
	13	21	0		0	0	0	1	2	10		0	0	0	0	0	0	0		0	
	13	22	0		0	0	0	1	2	10		0	0	0	0	0	0	0		0		
	13	23	0		0	0	0	1	2	10		0	0	0	0	0	0	0		0		
	13	24	0		0	0	0	1	2	10		0	0	0	0	0	0	0		0		
	13	25	0		0	0	0	1	2	10		0	0	0	0	0	0	0		0	
	13	26	0		0	0	0	1	2	10		0	0	0	0	0	0	0		0		
	13	27	0		0	0	0	1	2	10		0	0	0	0	0	0	0		0		
	13	28	0		0	0	0	1	2	10		0	0	0	0	0	0	0		0																					
//
	12	15	0		0	0	0	0	0	0		0	0	0	0	0	0	0		0
	14	13	0		0	0	0	0	0	0		0	0	0	0	0	0	0		0
	14	14	0		0	0	0	0	0	0		0	0	0	0	0	0	0		0
	14	16	0		0	0	0	0	0	0		0	0	0	0	0	0	0		0		