////////////////////////////////////////////////////////////////////////////////																													
//TextVer.1.0.8.3																													
//Version1.01-T서버																													
//Version1.01-M서버																													
//최종작업자-김서영																													
//최종작업일-2008-10-13  11:24:00 AM																													
//내용:해외 크리스마스/5차과금 추가 - 루돌프펫 반지에서 펫으로 적용																													
////////////////////////////////////////////////////////////////////////////////																													
																													
//적에게공격데미지=나의공격데미지-적의방어력																													
//적에게공격성공율=나의공격성공율-적의방어성공율																													
//적으로부터의방어성공율=나의방어성공율-적의공격성공율																													
																													
//세트속성(1:힘/2:민첩성/3:에너지/4:체력)																													
//itemSlot(-1:기본설정/0:오른손무기/1:왼손무기/2:헬멧/3:갑옷/4:바지/5:장갑/6:부츠/7:날개/8:보조유닛/9:목걸이/10:반지)																													
//skilltype(0:스킬없음/skill.txt에있는스킬Index으로설정)																													
																													
//sirial:일련번호를넣을것인가?																													
//옵션:옵션이붙을것인가?																													
//몹에게서안떨어지는아이템인가?																													
																													
//Index	Slot Skill	x	y	sirial	option	drop	Name	level	DamMin	DamMax	Speed	Dur	MagicDur	MagicPW	NLvl	Str	Dex	Eng	Hea	Cha	세트속성	흑마법사	흑기사	요정	마검사	다크로드	소환술사	
0	//검류																												
0	0	0	1	2	1	1	1	"크리스"	6	6	11	50	20	0	0	0	40	40	0	0	0	1	1	1	1	1	1	1	
1	0	0	1	3	1	1	1	"짧은검"	3	3	7	20	22	0	0	0	60	0	0	0	0	1	1	1	1	1	1	1	
2	0	0	1	3	1	1	1	"레이피어"	9	9	15	40	23	0	0	0	50	40	0	0	0	1	0	1	1	1	1	1	
3	0	20	1	3	1	1	1	"카타치"	16	16	26	35	27	0	0	0	80	40	0	0	0	1	0	1	0	1	1	0	
4	0	21	1	3	1	1	1	"자객검"	12	12	18	30	24	0	0	0	60	40	0	0	0	1	0	1	0	1	1	0	
5	0	22	1	3	1	1	1	"블레이드"	36	36	47	30	39	0	0	0	80	50	0	0	0	1	1	1	1	1	1	0	
6	0	20	1	3	1	1	1	"그라디우스"	20	20	30	20	30	0	0	0	110	0	0	0	0	1	0	1	1	1	1	0	
7	0	21	1	3	1	1	1	"펄션"	24	24	34	25	34	0	0	0	120	0	0	0	0	1	0	1	0	1	1	0	
8	0	21	1	3	1	1	1	"서펜트볼그"	30	30	40	20	36	0	0	0	130	0	0	0	0	1	0	1	0	1	1	0	
9	0	20	2	3	1	1	1	"셀러멘더검"	32	32	46	30	40	0	0	0	103	0	0	0	0	1	0	1	0	1	0	0	
10	0	22	2	4	1	1	1	"빛의검"	40	47	61	25	50	0	0	0	80	60	0	0	0	1	0	1	1	1	0	0	
11	0	20	2	3	1	1	1	"전설의검"	44	56	72	20	54	0	0	0	120	0	0	0	0	1	0	1	0	1	0	0	
13	0	22	1	3	1	1	1	"더블블레이드"	48	48	56	30	43	0	0	0	70	70	0	0	0	1	0	1	1	1	0	0	
12	0	19	2	3	1	1	1	"태양검"	56	73	98	25	66	0	0	0	140	0	0	0	0	1	0	1	0	1	0	0	
14	0	22	1	3	1	1	1	"번개검"	59	59	67	30	50	0	0	0	90	50	0	0	0	1	0	1	1	1	0	0	
15	0	23	2	3	1	1	1	"거대한검"	52	60	85	20	60	0	0	0	140	0	0	0	0	1	0	1	0	1	0	0	
16	0	22	1	4	1	1	1	"파괴의검"	82	82	90	35	84	0	0	0	160	60	0	0	0	1	0	1	0	1	0	0	
17	0	23	2	4	1	1	1	"다크브레이커"	104	128	153	40	89	0	0	0	180	50	0	0	0	1	0	2	0	0	0	0	
18	0	23	2	3	1	1	1	"선더블레이드"	105	140	168	40	86	0	0	0	180	50	0	0	0	1	0	0	0	1	0	0	
19	0	22	1	4	1	1	0	"대천사의절대검"	86	120	130	35	168	0	0	0	140	50	0	0	0	0	0	1	0	1	1	0	
31	0	56	2	4	1	1	1	"데스브로드"	100	104	130	35	93	0	104	0	135	62	9	0	0	3	0	0	0	1	0	0	
20	0	22	1	4	1	1	1	"나이트블레이드"	140	107	115	35	90	0	0	0	116	38	0	0	0	1	0	2	0	0	0	0	
21	0	56	2	4	1	1	1	"데스블레이드"	140	115	142	40	100	0	115	0	116	53	9	0	0	1	0	0	0	1	0	0	
22	0	22	1	4	1	1	1	"본블레이드"	147	122	135	40	95	0	0	380	100	35	0	0	0	0	0	2	0	0	0	0	
23	0	56	2	4	1	1	1	"익스플로전블레이드"	147	127	155	45	110	0	134	380	98	48	7	0	0	0	0	0	0	1	0	0	
24	0	22	1	4	1	1	1	"데이브레이크"	115	120	130	40	90	0	0	0	192	30	0	0	0	0	0	2	0	0	0	0	
25	0	56	2	4	1	1	1	"소드댄서"	115	109	136	40	90	0	108	0	136	57	9	0	0	0	0	0	0	1	0	0	
26	0	22	1	4	1	1	1	"플랑베루주"	137	106	117	40	90	0	0	380	193	53	0	0	0	0	0	2	0	0	0	0	
27	0	22	1	4	1	1	1	"소드브레이커"	133	91	99	35	90	0	0	380	53	176	0	0	0	0	0	2	0	0	0	0	
28	0	56	1	4	1	1	1	"룬바스타드"	139	98	122	45	90	0	109	380	91	73	17	0	0	0	0	0	0	1	0	0	
end																													
1	//도끼류																												
0	0	0	1	3	1	1	1	"작은도끼"	1	1	6	20	18	0	0	0	50	0	0	0	0	1	1	1	1	1	1	1	
1	0	0	1	3	1	1	1	"손도끼"	4	4	9	30	20	0	0	0	70	0	0	0	0	1	1	1	1	1	1	1	
2	0	19	1	3	1	1	1	"양날도끼"	14	14	24	20	26	0	0	0	90	0	0	0	0	1	0	1	0	1	1	0	
3	0	19	1	3	1	1	1	"토마호크"	18	18	28	30	28	0	0	0	100	0	0	0	0	1	0	1	0	1	1	0	
4	0	0	1	3	1	1	1	"요정도끼"	26	26	38	40	32	0	0	0	50	70	0	0	0	1	1	0	1	1	0	1	
5	0	19	2	3	1	1	1	"전투도끼"	30	36	44	20	36	0	0	0	120	0	0	0	0	1	0	1	1	1	0	0	
6	0	19	2	3	1	1	1	"니케아도끼"	34	38	50	30	44	0	0	0	130	0	0	0	0	1	0	1	1	1	0	0	
7	0	19	2	3	1	1	1	"라르칸도끼"	46	54	67	25	55	0	0	0	140	0	0	0	0	1	0	1	0	1	0	0	
8	0	19	2	3	1	1	1	"반월도끼"	54	69	89	30	65	0	0	0	100	40	0	0	0	1	1	1	0	1	0	0	
end																													
2	//둔기류																												
0	0	0	1	3	1	1	1	"전곤"	7	7	13	15	21	0	0	0	100	0	0	0	0	1	0	1	0	1	1	0	
1	0	19	1	3	1	1	1	"모닝스타"	13	13	22	15	25	0	0	0	100	0	0	0	0	1	0	1	0	1	1	0	
2	0	0	1	3	1	1	1	"철퇴"	22	22	32	15	32	0	0	0	80	50	0	0	0	1	0	1	0	1	1	0	
3	0	19	2	3	1	1	1	"그레이트해머"	38	45	56	15	50	0	0	0	150	0	0	0	0	1	0	1	0	1	0	0	
4	0	19	2	3	1	1	1	"크리스탈모닝스타"	66	78	107	30	72	0	0	0	130	0	0	0	0	1	1	1	1	1	0	0	
5	0	23	2	4	1	1	1	"크리스탈검"	72	89	120	40	76	0	0	0	130	70	0	0	0	1	1	1	1	1	0	0	
6	0	23	2	4	1	1	0	"카오스드라곤도끼"	75	102	130	35	80	0	0	0	140	50	0	0	0	0	0	1	0	1	0	0	
7	0	0	1	3	1	1	1	"엘리멘탈메이스"	90	62	80	50	50	0	0	0	15	42	0	0	0	1	0	0	2	0	0	0	
8	0	66	1	3	1	1	1	"베틀셉터"	54	41	52	45	40	0	3	0	80	17	0	0	0	1	0	0	0	0	1	0	
9	0	66	1	3	1	1	1	"마스터셉터"	72	57	68	45	45	0	20	0	87	18	0	0	0	1	0	0	0	0	1	0	
10	0	66	1	4	1	1	1	"그레이트셉터"	82	74	85	45	65	0	35	0	100	21	0	0	0	1	0	0	0	0	1	0	
11	0	66	1	4	1	1	1	"로드셉터"	98	91	102	40	72	0	52	0	105	23	0	0	0	1	0	0	0	0	1	0	
12	0	66	1	4	1	1	1	"그레이트로드셉터"	140	108	120	40	84	0	67	0	90	20	0	0	0	1	0	0	0	0	1	0	
13	0	66	1	4	1	1	0	"대천사의절대셉터"	150	120	143	40	90	0	78	0	75	16	0	0	0	1	0	0	0	0	1	0	
//13	0	0	1	3	1	1	1	"__요정메이스"	0	0	0	0	0	0	0	0	0	0	0	0	0	1	0	0	2	0	0	0	
14	0	66	1	4	1	1	1	"솔레이유셉터"	146	130	153	40	95	0	84	380	80	15	0	0	0	0	0	0	0	0	1	0	
15	0	66	1	4	1	1	1	"샤이닝셉터"	110	99	111	40	78	0	60	0	108	22	0	0	0	0	0	0	0	0	1	0	
16	0	0	1	3	1	1	1	"프로스트메이스"	121	106	146	50	80	0	0	380	27	19	0	0	0	1	0	0	2	0	0	0	
17	0	66	1	4	1	1	1	"앱솔루트셉터"	135	114	132	40	90	0	72	380	119	24	0	0	0	0	0	0	0	0	1	0	
18	0	66	1	4	1	1	0	"Stryker Scepter"	147	112	124	40	86	0	70	0	87	20	0	0	0	0	0	0	0	0	1	0	
end																													
3	//창류																												
0	0	22	2	4	1	1	1	"광선봉"	42	50	63	25	56	0	0	0	60	70	0	0	0	1	0	1	1	1	0	0	
1	0	0	2	4	1	1	1	"창"	23	30	41	30	42	0	0	0	70	50	0	0	0	1	0	1	1	1	0	0	
2	0	0	2	4	1	1	1	"드래건랜스"	15	21	33	30	34	0	0	0	70	50	0	0	0	1	0	1	1	1	0	0	
3	0	0	2	4	1	1	1	"큰삼지창"	29	35	43	25	44	0	0	0	90	30	0	0	0	1	0	1	1	1	0	0	
4	0	20	2	4	1	1	1	"서펜트스피어"	46	58	80	20	58	0	0	0	90	30	0	0	0	1	0	1	1	1	0	0	
5	0	0	2	4	1	1	1	"양날도끼창"	13	19	31	30	38	0	0	0	70	50	0	0	0	1	0	1	1	1	0	0	
6	0	0	2	4	1	1	1	"도끼창"	19	25	35	30	40	0	0	0	70	50	0	0	0	1	0	1	1	1	0	0	
7	0	22	2	4	1	1	1	"버디슈"	37	42	54	30	54	0	0	0	80	50	0	0	0	1	0	1	1	1	0	0	
8	0	22	2	4	1	1	1	"그레이트사이드"	54	71	92	25	68	0	0	0	90	50	0	0	0	1	0	1	1	1	0	0	
9	0	22	2	4	1	1	1	"발록의낫"	63	76	102	25	74	0	0	0	80	50	0	0	0	1	0	1	1	1	0	0	
10	0	22	2	4	1	1	1	"드라곤스피어"	92	112	140	35	85	0	0	0	170	60	0	0	0	1	0	2	0	0	0	0	
11	0	22	2	4	1	1	0	"Beuroba"	147	190	226	40	90	0	0	0	152	25	0	0	0	1	0	2	0	1	0	0	
end																													
4	//활/석궁류																												
0	1	24	2	3	1	1	1	"단활"	2	3	5	30	20	0	0	0	20	80	0	0	0	2	0	0	1	0	0	0	
1	1	24	2	3	1	1	1	"활"	8	9	13	30	24	0	0	0	30	90	0	0	0	2	0	0	1	0	0	0	
2	1	24	2	3	1	1	1	"요정활"	16	17	24	30	28	0	0	0	30	90	0	0	0	2	0	0	1	0	0	0	
3	1	24	2	3	1	1	1	"전투활"	26	28	37	30	36	0	0	0	30	90	0	0	0	2	0	0	1	0	0	0	
4	1	24	2	4	1	1	1	"타이거보우"	40	42	52	30	43	0	0	0	30	100	0	0	0	2	0	0	1	0	0	0	
5	1	24	2	4	1	1	1	"실버보우"	56	59	71	40	48	0	0	0	30	100	0	0	0	2	0	0	1	0	0	0	
6	1	24	2	4	1	1	0	"카오스네이쳐보우"	75	88	106	35	68	0	0	0	40	150	0	0	0	0	0	0	1	0	0	0	
7	1	0	1	1	0	0	0	"석궁용화살"	0	0	0	0	255	0	0	0	0	0	0	0	0	0	0	0	1	0	0	0	
8	0	24	2	2	1	1	1	"석궁"	4	5	8	40	22	0	0	0	20	90	0	0	0	2	0	0	1	0	0	0	
9	0	24	2	2	1	1	1	"황금석궁"	12	13	19	40	26	0	0	0	30	90	0	0	0	2	0	0	1	0	0	0	
10	0	24	2	2	1	1	1	"아큐버스"	20	22	30	40	31	0	0	0	30	90	0	0	0	2	0	0	1	0	0	0	
11	0	24	2	3	1	1	1	"빛의석궁"	32	35	44	40	40	0	0	0	30	90	0	0	0	2	0	0	1	0	0	0	
12	0	24	2	3	1	1	1	"서팬트석궁"	48	50	61	40	45	0	0	0	30	100	0	0	0	2	0	0	1	0	0	0	
13	0	24	2	3	1	1	1	"블루윙석궁"	68	68	82	40	56	0	0	0	40	110	0	0	0	2	0	0	1	0	0	0	
14	0	24	2	3	1	1	1	"아쿠아골드석궁"	72	78	92	30	60	0	0	0	50	130	0	0	0	2	0	0	1	0	0	0	
15	0	0	1	1	0	0	0	"화살"	0	0	0	0	255	0	0	0	0	0	0	0	0	0	0	0	1	0	0	0	
16	0	24	2	4	1	1	1	"세인트크로스석궁"	84	102	127	35	72	0	0	0	50	160	0	0	0	2	0	0	1	0	0	0	
17	1	24	2	4	1	1	1	"홀리사이트보우"	92	127	155	35	76	0	0	0	54	198	0	0	0	2	0	0	2	0	0	0	
18	0	24	2	3	1	1	0	"대천사의절대석궁"	100	144	166	35	200	0	0	0	40	110	0	0	0	0	0	0	1	0	0	0	
19	0	24	2	3	1	1	1	"그레이트레인석궁"	100	150	172	40	80	0	0	0	61	285	0	0	0	2	0	0	2	0	0	0	
20	1	24	2	4	1	1	1	"에로우바이퍼보우"	135	166	190	45	86	0	0	0	52	245	0	0	0	2	0	0	2	0	0	0	
21	1	24	2	4	1	1	1	"실프윈드보우"	147	177	200	45	93	0	0	380	46	210	0	0	0	0	0	0	2	0	0	0	
22	1	24	2	4	1	1	1	"알바트로스보우"	110	155	177	45	70	0	0	0	60	265	0	0	0	0	0	0	2	0	0	0	
23	1	24	2	4	1	1	1	"다크스팅거"	134	162	184	45	80	0	0	380	32	209	0	0	0	2	0	0	2	0	0	0	
24	1	24	2	4	1	1	0	"Air Lyn Bow"	147	170	194	45	88	0	0	0	49	226	0	0	0	0	0	0	2	0	0	0	
end																													
5	//지팡이류																												
0	0	0	1	3	1	1	1	"해골지팡이"	6	3	4	20	0	20	6	0	40	0	0	0	0	3	1	0	0	1	0	1	
1	0	0	2	3	1	1	1	"천사지팡이"	18	10	12	25	0	38	20	0	50	0	0	0	0	3	1	0	0	1	0	0	
2	0	0	2	3	1	1	1	"독사지팡이"	30	17	18	25	0	50	34	0	50	0	0	0	0	3	1	0	0	1	0	0	
3	0	0	2	4	1	1	1	"번개지팡이"	42	23	25	25	0	60	46	0	40	10	0	0	0	3	1	0	0	1	0	0	
4	0	0	2	4	1	1	1	"고르곤지팡이"	52	29	32	25	0	65	58	0	50	0	0	0	0	3	1	0	0	1	0	0	
5	0	0	1	4	1	1	1	"전설의지팡이"	59	29	31	25	0	66	59	0	50	0	0	0	0	3	1	0	0	1	0	0	
6	0	0	1	4	1	1	1	"부활의지팡이"	70	35	39	25	0	70	70	0	60	10	0	0	0	3	1	0	0	1	0	0	
7	0	0	2	4	1	1	0	"카오스번개지팡이"	75	47	48	30	0	70	94	0	60	10	0	0	0	0	1	0	0	1	0	0	
8	0	0	2	4	1	1	1	"파멸의지팡이"	90	50	54	30	0	85	101	0	60	10	0	0	0	3	1	0	0	1	0	0	
9	0	0	1	4	1	1	1	"드래곤소울지팡이"	100	46	48	30	0	91	92	0	52	16	0	0	0	3	2	0	0	0	0	0	
10	0	0	1	4	1	1	0	"대천사의절대지팡이"	104	53	55	20	0	182	106	0	36	4	0	0	0	0	1	0	0	1	0	0	
11	0	0	1	4	1	1	1	"쿤둔의지팡이"	140	55	61	30	0	95	110	0	45	16	0	0	0	0	2	0	0	1	0	0	
12	0	0	1	4	1	1	1	"그랜드바이퍼지팡이"	147	66	74	30	0	100	130	380	39	13	0	0	0	0	2	0	0	0	0	0	
13	0	0	1	4	1	1	1	"플라티나윙스태프"	110	51	53	30	0	78	120	0	50	16	0	0	0	0	2	0	0	0	0	0	
14	0	0	1	4	1	1	1	"미스터리스틱"	28	17	18	25	0	50	34	0	34	14	0	0	0	0	0	0	0	0	0	1	
15	0	0	1	4	1	1	1	"바이올렌윈드스틱"	42	23	25	25	0	60	46	0	33	17	0	0	0	0	0	0	0	0	0	1	
16	0	0	1	4	1	1	1	"레드윙스틱"	59	29	31	25	0	65	59	0	36	14	0	0	0	0	0	0	0	0	0	1	
17	0	0	1	4	1	1	1	"에이션트스틱"	78	38	40	25	0	81	76	0	50	19	0	0	0	0	0	0	0	0	0	1	
18	0	0	1	4	1	1	0	"데모닉스틱"	100	46	48	30	0	91	92	0	54	15	0	0	0	0	0	0	0	0	0	2	
//19	0	0	1	4	1	1	0	"스톰블리츠스틱"	110	51	53	30	0	95	110	0	64	15	0	0	0	0	0	0	0	0	0	2	
//20	0	0	1	4	1	1	0	"이터널윙스틱"	147	66	74	30	0	100	130	380	39	13	0	0	0	0	0	0	0	0	0	2	
21	1	223	1	2	1	1	1	"사아무트의서"	52	0	0	25	0	60	46	0	0	20	135	0	0	0	0	0	0	0	0	1	
22	1	224	1	2	1	1	1	"닐의서"	59	0	0	25	0	65	59	0	0	25	168	0	0	0	0	0	0	0	0	1	
23	1	225	1	2	1	1	0	"라글의서"	65	0	0	25	0	50	72	0	0	30	201	0	0	0	0	0	0	0	0	1	
//24	1	0	1	2	1	1	0	"씨스의서"	70	0	0	0	0	50	92	0	0	0	65	0	0	0	0	0	0	0	0	1	
//25	1	0	1	2	1	1	0	"데바르의서"	75	0	0	0	0	50	106	0	0	0	70	0	0	0	0	0	0	0	0	1	
//26	1	0	1	2	1	1	0	"메린느의서"	80	0	0	0	0	50	110	0	0	0	75	0	0	0	0	0	0	0	0	1	
//27	1	0	1	2	1	1	0	"베르시의서"	100	0	0	0	0	50	130	0	0	0	80	0	0	0	0	0	0	0	0	1	
//28	1	0	1	2	1	1	0	"웨인즈의서"	105	0	0	0	0	50	140	0	0	0	85	0	0	0	0	0	0	0	0	1	
//29	1	0	1	2	1	1	0	"멘데라사의서"	110	0	0	0	0	50	150	380	0	0	90	0	0	0	0	0	0	0	0	1	
30	0	0	1	4	1	1	1	"데들리스태프"	138	57	59	30	0	91	126	380	47	18	0	0	0	3	0	0	0	1	0	0	
31	0	0	1	4	1	1	1	"인베리알스태프"	137	57	61	30	0	182	124	380	48	14	0	0	0	0	2	0	0	0	0	0	
//32	0	0	1	4	1	1	1	"소울브링거"	130	59	64	30	0	95	120	380	45	15	0	0	0	0	2	0	0	0	0	2	
33	0	0	1	4	1	1	0	"Chroma ticks staff"	147	55	57	30	0	78	124	0	50	12	0	0	0	0	2	0	0	1	0	0	
34	0	0	1	4	1	1	0	"Raven Stick"	147	70	78	30	0	98	130	0	50	14	0	0	0	0	0	0	0	0	0	2	
end																													
//Index	ItemSlot	SkillType	x	y	sirial	option	drop		Level	Defence	MagDef		Dur			NeedLevel	Str	Dex	Eng	Hea	Cha	세트속성	흑마법사	흑기사	요정	마검사	다크로드	소환술사	
6	//방패류																												
0	1	0	2	2	1	1	1	"원형방패"	3	1	3		22			0	70	0	0	0	0	4	1	1	1	1	1	0	
1	1	0	2	2	1	1	1	"뿔방패"	9	3	9		28			0	100	0	0	0	0	4	0	1	0	1	1	0	
2	1	0	2	2	1	1	1	"카이트방패"	12	4	12		32			0	110	0	0	0	0	4	0	1	0	1	1	0	
3	1	0	2	2	1	1	1	"요정방패"	21	8	21		36			0	30	100	0	0	0	4	0	0	1	0	0	0	
4	1	18	2	2	1	1	1	"버클러"	6	2	6		24			0	80	0	0	0	0	4	1	1	1	1	1	0	
5	1	18	2	2	1	1	1	"드래곤슬레이어방패"	35	10	36		44			0	100	40	0	0	0	4	0	1	0	1	1	0	
6	1	18	2	2	1	1	1	"해골방패"	15	5	15		34			0	110	0	0	0	0	4	1	1	1	1	1	0	
7	1	18	2	2	1	1	1	"스파이크방패"	30	9	30		40			0	130	0	0	0	0	4	0	1	0	1	1	0	
8	1	18	2	2	1	1	1	"타워방패"	40	11	40		46			0	130	0	0	0	0	4	0	1	1	1	1	0	
9	1	18	2	2	1	1	1	"철판방패"	25	8	25		38			0	120	0	0	0	0	4	0	1	0	1	1	0	
10	1	18	2	2	1	1	1	"큰원형방패"	18	6	18		35			0	120	0	0	0	0	4	0	1	0	1	1	0	
11	1	18	2	2	1	1	1	"서펜트방패"	45	12	45		48			0	130	0	0	0	0	4	0	1	1	1	1	0	
12	1	18	2	2	1	1	1	"브론즈방패"	54	13	54		52			0	140	0	0	0	0	4	0	1	0	1	0	0	
13	1	18	2	2	1	1	1	"드라곤방패"	60	14	60		60			0	120	40	0	0	0	4	0	1	0	1	0	0	
14	1	0	2	3	1	1	1	"전설의방패"	48	7	48		50			0	90	25	0	0	0	4	1	0	1	1	0	0	
15	1	0	2	3	1	1	1	"그랜드소울방패"	74	12	55		55			0	70	23	0	0	0	4	2	0	0	0	0	0	
16	1	0	2	2	1	1	1	"엘리멘탈방패"	66	11	28		51			0	30	60	30	0	0	4	0	0	2	0	0	0	
17	1	18	2	2	1	1	1	"크림슨글로리"	104	19	90		51			380	95	48	0	0	0	4	0	2	0	0	0	0	
18	1	18	2	2	1	1	1	"샐러맨더실드"	102	20	96		51			380	80	61	0	0	0	4	0	0	0	1	0	0	
19	1	18	2	2	1	1	1	"프로스트배리어"	99	14	58		51			380	26	53	26	0	0	4	0	0	2	0	0	0	
20	1	18	2	2	1	1	1	"가디안방패"	106	12	30		51			380	54	18	0	0	0	4	2	0	0	0	0	0	
end																													
																													
//Index	ItemSlot	SkillType	x	y	sirial	option	drop		Level	Defence	MagDef		Dur			NeedLevel	Str	Dex	Eng	Hea	Cha	세트속성	흑마법사	흑기사	요정	마검사	다크로드	소환술사	
7	//투구류																												
0	2	0	2	2	1	1	1	"청동투구"	16	9	0		34			0	80	20	0	0	0	4	0	1	0	0	1	0	
1	2	0	2	2	1	1	1	"드라곤투구"	57	24	0		68			0	120	30	0	0	0	4	0	1	0	0	0	0	
2	2	0	2	2	1	1	1	"패드투구"	5	4	0		28			0	20	0	0	0	0	4	1	0	0	0	0	0	
3	2	0	2	2	1	1	1	"전설의헬멧"	50	18	0		42			0	30	0	0	0	0	4	1	0	0	0	0	0	
4	2	0	2	2	1	1	1	"뼈헬멧"	18	9	0		30			0	30	0	0	0	0	4	1	0	0	0	0	0	
5	2	0	2	2	1	1	1	"가죽헬멧"	6	5	0		30			0	80	0	0	0	0	4	0	1	0	0	1	0	
6	2	0	2	2	1	1	1	"비늘헬멧"	26	12	0		40			0	110	0	0	0	0	4	0	1	0	0	1	0	
7	2	0	2	2	1	1	1	"스핑크스마스크"	32	13	0		36			0	30	0	0	0	0	4	1	0	0	0	0	0	
8	2	0	2	2	1	1	1	"황동헬멧"	36	17	0		44			0	100	30	0	0	0	4	0	1	0	0	0	0	
9	2	0	2	2	1	1	1	"철판헬멧"	46	20	0		50			0	130	0	0	0	0	4	0	1	0	0	0	0	
10	2	0	2	2	1	1	1	"넝쿨헬멧"	6	4	0		22			0	30	60	0	0	0	4	0	0	1	0	0	0	
11	2	0	2	2	1	1	1	"실크헬멧"	16	8	0		26			0	30	70	0	0	0	4	0	0	1	0	0	0	
12	2	0	2	2	1	1	1	"바람의헬멧"	28	12	0		32			0	30	80	0	0	0	4	0	0	1	0	0	0	
13	2	0	2	2	1	1	1	"정령헬멧"	40	16	0		38			0	40	80	0	0	0	4	0	0	1	0	0	0	
14	2	0	2	2	1	1	1	"수호헬멧"	53	23	0		45			0	40	80	0	0	0	4	0	0	1	0	0	0	
//15	2	0	2	2	1	1	1	"__아틀란스"	53	23	0		45			0	40	80	0	0	0	4	0	0	1	0	0	0	
16	2	0	2	2	1	1	1	"블랙드라곤투구"	82	30	0		74			0	170	60	0	0	0	4	0	1	0	0	0	0	
17	2	0	2	2	1	1	1	"다크피닉스투구"	92	43	0		80			0	205	62	0	0	0	4	0	2	0	0	0	0	
18	2	0	2	2	1	1	1	"그랜드소울헬멧"	81	27	0		67			0	59	20	0	0	0	4	2	0	0	0	0	0	
19	2	0	2	2	1	1	1	"홀리스프릿헬멧"	85	37	0		74			0	50	110	0	0	0	4	0	0	2	0	0	0	
21	2	0	2	2	1	1	1	"그레이트드라곤투구"	104	53	0		86			0	200	58	0	0	0	4	0	2	0	0	0	0	
22	2	0	2	2	1	1	1	"블랙소울헬멧"	110	36	0		75			0	55	18	0	0	0	4	2	0	0	0	0	0	
24	2	0	2	2	1	1	1	"레드스피릿헬멧"	93	46	0		80			0	52	115	0	0	0	4	0	0	2	0	0	0	
25	2	0	2	2	1	1	1	"라운드마스크"	46	20	0		42			0	70	20	0	0	0	4	0	0	0	0	1	0	
26	2	0	2	2	1	1	1	"다크소울마스크"	66	24	0		56			0	77	21	0	0	0	4	0	0	0	0	1	0	
27	2	0	2	2	1	1	1	"다크브리즌마스크"	86	26	0		70			0	84	22	0	0	0	4	0	0	0	0	1	0	
28	2	0	2	2	1	1	1	"다크마스터마스크"	106	34	0		78			0	80	21	0	0	0	4	0	0	0	0	1	0	
29	2	0	2	2	1	1	1	"드래곤나이트투구"	130	66	0		90			380	170	60	0	0	0	0	0	2	0	0	0	0	
30	2	0	2	2	1	1	1	"베놈미스트헬멧"	126	48	0		86			380	44	15	0	0	0	0	2	0	0	0	0	0	
31	2	0	2	2	1	1	1	"실피드레이헬멧"	126	57	0		86			380	38	80	0	0	0	0	0	0	2	0	0	0	
//32	2	0	2	2	1	1	1	"__볼케이노"	126	57	0		86			380	38	80	0	0	0	0	0	0	2	0	0	0	
33	2	0	2	2	1	1	1	"썬라이트마스크"	130	46	0		82			380	62	16	0	0	0	0	0	0	0	0	1	0	
34	2	0	2	2	1	1	1	"애쉬크로우헬멧"	67	27	0		72			0	160	50	0	0	0	0	0	1	0	0	0	0	
35	2	0	2	2	1	1	1	"이클립스헬멧"	67	22	0		54			0	53	12	0	0	0	0	1	0	0	0	0	0	
36	2	0	2	2	1	1	1	"아이리스헬멧"	67	30	0		59			0	50	70	0	0	0	0	0	0	1	0	0	0	
38	2	0	2	2	1	1	1	"글로리어스마스크"	97	30	0		74			0	80	21	0	0	0	0	0	0	0	0	1	0	
39	2	0	2	2	1	1	1	"바이올렌윈드헬멧"	28	13	0		36			0	31	0	0	0	0	4	0	0	0	0	0	1	
40	2	0	2	2	1	1	1	"레드윙헬멧"	50	18	0		42			0	26	4	0	0	0	4	0	0	0	0	0	1	
41	2	0	2	2	1	1	1	"에이션트헬멧"	68	24	0		54			0	52	16	0	0	0	4	0	0	0	0	0	1	
42	2	0	2	2	1	1	1	"데모닉헬멧"	81	32	0		67			0	60	20	0	0	0	0	0	0	0	0	0	2	
//43	2	0	2	2	1	1	1	"스톰블리츠헬멧"	110	43	0		75			0	56	20	0	0	0	0	0	0	0	0	0	2	
//44	2	0	2	2	1	1	1	"이터널윙헬멧"	126	54	0		86			380	46	17	0	0	0	0	0	0	0	0	0	2	
45	2	0	2	2	1	1	1	"티탄투구"	111	63	0		86			380	222	32	0	0	0	0	0	1	0	0	0	0	
46	2	0	2	2	1	1	1	"브레이브헬멧"	107	51	0		86			380	74	162	0	0	0	0	0	1	0	0	0	0	
49	2	0	2	2	1	1	1	"세라핌헬멧"	111	50	0		86			380	55	197	0	0	0	0	0	0	1	0	0	0	
50	2	0	2	2	1	1	1	"디바인헬멧"	104	44	0		86			380	32	29	138	0	0	0	0	0	1	0	0	0	
51	2	0	2	2	1	1	1	"패왕마스크"	111	44	0		86			380	105	38	0	0	0	0	0	0	0	0	1	0	
52	2	0	2	2	1	1	1	"하데스헬멧"	109	41	0		86			380	60	15	181	0	0	0	1	0	0	0	0	0	
//53	2	0	2	2	1	1	1	"서큐버스헬멧"	118	48	0		86			380	41	19	0	0	0	0	0	0	0	0	0	1	
end																													
//Index	ItemSlot	SkillType	x	y	sirial	option	drop		Level	Defence	MagDef		Dur			NeedLevel	Str	Dex	Eng	Hea	Cha	세트속성	흑마법사	흑기사	요정	마검사	다크로드	소환술사	
8	//갑옷류																												
0	3	0	2	2	1	1	1	"청동갑옷"	18	14	0		34			0	80	20	0	0	0	4	0	1	0	1	1	0	
1	3	0	2	3	1	1	1	"드라곤갑옷"	59	37	0		68			0	120	30	0	0	0	4	0	1	0	1	0	0	
2	3	0	2	2	1	1	1	"패드갑옷"	10	7	0		28			0	30	0	0	0	0	4	1	0	0	1	0	0	
3	3	0	2	2	1	1	1	"전설의갑옷"	56	22	0		42			0	40	0	0	0	0	4	1	0	0	1	0	0	
4	3	0	2	2	1	1	1	"뼈갑옷"	22	13	0		30			0	40	0	0	0	0	4	1	0	0	1	0	0	
5	3	0	2	3	1	1	1	"가죽갑옷"	10	10	0		30			0	80	0	0	0	0	4	0	1	0	1	1	0	
6	3	0	2	2	1	1	1	"비늘갑옷"	28	18	0		40			0	110	0	0	0	0	4	0	1	0	1	1	0	
7	3	0	2	3	1	1	1	"스핑크스갑옷"	38	17	0		36			0	40	0	0	0	0	4	1	0	0	1	0	0	
8	3	0	2	2	1	1	1	"황동갑옷"	38	22	0		44			0	100	30	0	0	0	4	0	1	0	1	0	0	
9	3	0	2	2	1	1	1	"철판갑옷"	48	30	0		50			0	130	0	0	0	0	4	0	1	0	1	0	0	
10	3	0	2	2	1	1	1	"넝쿨갑옷"	10	8	0		22			0	30	60	0	0	0	4	0	0	1	0	0	0	
11	3	0	2	2	1	1	1	"실크갑옷"	20	12	0		26			0	30	70	0	0	0	4	0	0	1	0	0	0	
12	3	0	2	2	1	1	1	"바람의갑옷"	32	16	0		32			0	30	80	0	0	0	4	0	0	1	0	0	0	
13	3	0	2	2	1	1	1	"정령갑옷"	44	21	0		38			0	40	80	0	0	0	4	0	0	1	0	0	0	
14	3	0	2	2	1	1	1	"수호갑옷"	57	29	0		45			0	40	80	0	0	0	4	0	0	1	0	0	0	
15	3	0	2	3	1	1	1	"아틀란스갑옷"	80	44	0		80			0	150	70	0	0	0	4	0	0	0	1	0	0	
16	3	0	2	3	1	1	1	"블랙드라곤갑옷"	90	48	0		74			0	170	60	0	0	0	4	0	1	0	0	0	0	
17	3	0	2	3	1	1	1	"다크피닉스갑옷"	100	63	0		80			0	214	65	0	0	0	4	0	2	0	0	0	0	
18	3	0	2	3	1	1	1	"그랜드소울갑옷"	91	33	0		67			0	59	20	0	0	0	4	2	0	0	0	0	0	
19	3	0	2	2	1	1	1	"홀리스프릿갑옷"	92	44	0		74			0	50	110	0	0	0	4	0	0	2	0	0	0	
20	3	0	2	3	1	1	1	"선더호크갑옷"	107	60	0		82			0	170	70	0	0	0	4	0	0	0	1	0	0	
21	3	0	2	3	1	1	1	"그레이트드라곤갑옷"	126	75	0		86			0	200	58	0	0	0	4	0	2	0	0	0	0	
22	3	0	2	3	1	1	1	"블랙소울갑옷"	122	43	0		75			0	55	18	0	0	0	4	2	0	0	0	0	0	
23	3	0	2	3	1	1	1	"아스릴갑옷"	128	73	0		90			0	162	66	0	0	0	4	0	0	0	1	0	0	
24	3	0	2	2	1	1	1	"레드스피릿갑옷"	109	55	0		80			0	52	115	0	0	0	4	0	0	2	0	0	0	
25	3	0	2	3	1	1	1	"라운드갑옷"	62	25	0		42			0	70	20	0	0	0	4	0	0	0	0	1	0	
26	3	0	2	3	1	1	1	"다크소울갑옷"	78	36	0		56			0	77	21	0	0	0	4	0	0	0	0	1	0	
27	3	0	2	3	1	1	1	"다크브리즌갑옷"	96	43	0		70			0	84	22	0	0	0	4	0	0	0	0	1	0	
28	3	0	2	3	1	1	1	"다크마스터갑옷"	117	51	0		78			0	80	21	0	0	0	4	0	0	0	0	1	0	
29	3	0	2	3	1	1	1	"드래곤나이트갑옷"	140	88	0		90			380	170	60	0	0	0	0	0	2	0	0	0	0	
30	3	0	2	3	1	1	1	"베놈미스트갑옷"	146	57	0		86			380	44	15	0	0	0	0	2	0	0	0	0	0	
31	3	0	2	3	1	1	1	"실피드레이갑옷"	146	68	0		86			380	38	80	0	0	0	0	0	0	2	0	0	0	
32	3	0	2	3	1	1	1	"볼케이노갑옷"	147	86	0		95			380	145	60	0	0	0	0	0	0	0	1	0	0	
33	3	0	2	3	1	1	1	"썬라이트갑옷"	147	64	0		82			380	62	16	0	0	0	0	0	0	0	0	1	0	
34	3	0	2	3	1	1	1	"애쉬크로우갑옷"	75	42	0		72			0	160	50	0	0	0	0	0	1	0	0	0	0	
35	3	0	2	3	1	1	1	"이클립스갑옷"	75	27	0		54			0	53	12	0	0	0	0	1	0	0	0	0	0	
36	3	0	2	3	1	1	1	"아이리스갑옷"	75	36	0		59			0	50	70	0	0	0	0	0	0	1	0	0	0	
37	3	0	2	3	1	1	1	"발리언트갑옷"	105	52	0		81			0	155	50	0	0	0	0	0	0	0	1	0	0	
38	3	0	2	3	1	1	1	"글로리어스갑옷"	105	47	0		74			0	80	21	0	0	0	0	0	0	0	0	1	0	
39	3	0	2	2	1	1	1	"바이올렌윈드갑옷"	34	22	0		36			0	39	0	0	0	0	4	0	0	0	0	0	1	
40	3	0	2	2	1	1	1	"레드윙갑옷"	56	28	0		42			0	35	8	0	0	0	4	0	0	0	0	0	1	
41	3	0	2	2	1	1	1	"에이션트갑옷"	75	35	0		54			0	52	16	0	0	0	4	0	0	0	0	0	1	
42	3	0	2	2	1	1	1	"데모닉갑옷"	91	45	0		67			0	60	20	0	0	0	0	0	0	0	0	0	2	
//43	3	0	2	2	1	1	1	"스톰블리츠갑옷"	122	56	0		75			0	57	19	0	0	0	0	0	0	0	0	0	2	
//44	3	0	2	2	1	1	1	"이터널윙갑옷"	146	66	0		86			380	45	17	0	0	0	0	0	0	0	0	0	2	
45	3	0	2	3	1	1	1	"티탄갑옷"	132	81	0		86			380	222	32	0	0	0	0	0	1	0	0	0	0	
46	3	0	2	3	1	1	1	"브레이브갑옷"	128	62	0		86			380	74	162	0	0	0	0	0	1	0	0	0	0	
47	3	0	2	3	1	1	1	"팬텀갑옷"	131	80	0		86			380	212	57	0	0	0	0	0	0	0	1	0	0	
48	3	0	2	3	1	1	1	"디스트로이갑옷"	125	66	0		86			380	62	19	165	0	0	0	0	0	0	1	0	0	
49	3	0	2	2	1	1	1	"세라핌갑옷"	129	60	0		86			380	55	197	0	0	0	0	0	0	1	0	0	0	
50	3	0	2	2	1	1	1	"디바인갑옷"	122	52	0		86			380	32	29	138	0	0	0	0	0	1	0	0	0	
51	3	0	2	3	1	1	1	"패왕갑옷"	132	58	0		86			380	105	38	0	0	0	0	0	0	0	0	1	0	
52	3	0	2	3	1	1	1	"하데스갑옷"	129	50	0		86			380	60	15	181	0	0	0	1	0	0	0	0	0	
//53	3	0	2	2	1	1	1	"서큐버스갑옷"	134	61	0		86			380	41	19	0	0	0	0	0	0	0	0	0	1	
end																													
//Index	ItemSlot	SkillType	x	y	sirial	option	drop		Level	Defence	MagDef		Dur			NeedLevel	Str	Dex	Eng	Hea	Cha	세트속성	흑마법사	흑기사	요정	마검사	다크로드	소환술사	
9	//바지류																												
0	4	0	2	2	1	1	1	"청동바지"	15	10	0		34			0	80	20	0	0	0	4	0	1	0	1	1	0	
1	4	0	2	2	1	1	1	"드라곤바지"	55	26	0		68			0	120	30	0	0	0	4	0	1	0	1	0	0	
2	4	0	2	2	1	1	1	"패드바지"	8	5	0		28			0	30	0	0	0	0	4	1	0	0	1	0	0	
3	4	0	2	2	1	1	1	"전설의바지"	53	20	0		42			0	40	0	0	0	0	4	1	0	0	1	0	0	
4	4	0	2	2	1	1	1	"뼈바지"	20	10	0		30			0	40	0	0	0	0	4	1	0	0	1	0	0	
5	4	0	2	2	1	1	1	"가죽바지"	8	7	0		30			0	80	0	0	0	0	4	0	1	0	1	1	0	
6	4	0	2	2	1	1	1	"비늘바지"	25	14	0		40			0	110	0	0	0	0	4	0	1	0	1	1	0	
7	4	0	2	2	1	1	1	"스핑크스바지"	34	15	0		36			0	40	0	0	0	0	4	1	0	0	1	0	0	
8	4	0	2	2	1	1	1	"황동바지"	35	18	0		44			0	100	30	0	0	0	4	0	1	0	1	0	0	
9	4	0	2	2	1	1	1	"철판바지"	45	22	0		50			0	130	0	0	0	0	4	0	1	0	1	0	0	
10	4	0	2	2	1	1	1	"넝쿨바지"	8	6	0		22			0	30	60	0	0	0	4	0	0	1	0	0	0	
11	4	0	2	2	1	1	1	"실크바지"	18	10	0		26			0	30	70	0	0	0	4	0	0	1	0	0	0	
12	4	0	2	2	1	1	1	"바람의바지"	30	14	0		32			0	30	80	0	0	0	4	0	0	1	0	0	0	
13	4	0	2	2	1	1	1	"정령바지"	42	18	0		38			0	40	80	0	0	0	4	0	0	1	0	0	0	
14	4	0	2	2	1	1	1	"수호바지"	54	25	0		45			0	40	80	0	0	0	4	0	0	1	0	0	0	
15	4	0	2	2	1	1	1	"아틀란스바지"	74	34	0		80			0	150	70	0	0	0	4	0	0	0	1	0	0	
16	4	0	2	2	1	1	1	"블랙드라곤바지"	84	40	0		74			0	170	60	0	0	0	4	0	1	0	0	0	0	
17	4	0	2	2	1	1	1	"다크피닉스바지"	96	54	0		80			0	207	63	0	0	0	4	0	2	0	0	0	0	
18	4	0	2	2	1	1	1	"그랜드소울바지"	86	30	0		67			0	59	20	0	0	0	4	2	0	0	0	0	0	
19	4	0	2	2	1	1	1	"홀리스프릿바지"	88	39	0		74			0	50	110	0	0	0	4	0	0	2	0	0	0	
20	4	0	2	2	1	1	1	"선더호크바지"	99	49	0		82			0	150	70	0	0	0	4	0	0	0	1	0	0	
21	4	0	2	2	1	1	1	"그레이트드라곤바지"	113	65	0		86			0	200	58	0	0	0	4	0	2	0	0	0	0	
22	4	0	2	2	1	1	1	"블랙소울바지"	117	39	0		75			0	55	18	0	0	0	4	2	0	0	0	0	0	
23	4	0	2	2	1	1	1	"아스릴바지"	122	61	0		90			0	162	66	0	0	0	4	0	0	0	1	0	0	
24	4	0	2	2	1	1	1	"레드스피릿바지"	100	48	0		80			0	52	115	0	0	0	4	0	0	2	0	0	0	
25	4	0	2	2	1	1	1	"라운드바지"	50	21	0		42			0	70	20	0	0	0	4	0	0	0	0	1	0	
26	4	0	2	2	1	1	1	"다크소울바지"	70	26	0		56			0	77	21	0	0	0	4	0	0	0	0	1	0	
27	4	0	2	2	1	1	1	"다크브리즌바지"	92	31	0		70			0	84	22	0	0	0	4	0	0	0	0	1	0	
28	4	0	2	2	1	1	1	"다크마스터바지"	110	39	0		78			0	80	21	0	0	0	4	0	0	0	0	1	0	
29	4	0	2	2	1	1	1	"드래곤나이트바지"	134	78	0		90			380	170	60	0	0	0	0	0	2	0	0	0	0	
30	4	0	2	2	1	1	1	"베놈미스트바지"	135	55	0		86			380	44	15	0	0	0	0	2	0	0	0	0	0	
31	4	0	2	2	1	1	1	"실피드레이바지"	135	61	0		86			380	38	80	0	0	0	0	0	0	2	0	0	0	
32	4	0	2	2	1	1	1	"볼케이노바지"	135	74	0		95			380	145	60	0	0	0	0	0	0	0	1	0	0	
33	4	0	2	2	1	1	1	"썬라이트바지"	140	52	0		82			380	62	16	0	0	0	0	0	0	0	0	1	0	
34	4	0	2	2	1	1	1	"애쉬크로우바지"	69	33	0		72			0	160	50	0	0	0	0	0	1	0	0	0	0	
35	4	0	2	2	1	1	1	"이클립스바지"	69	25	0		54			0	53	12	0	0	0	0	1	0	0	0	0	0	
36	4	0	2	2	1	1	1	"아이리스바지"	69	32	0		59			0	50	70	0	0	0	0	0	0	1	0	0	0	
37	4	0	2	2	1	1	1	"발리언트바지"	101	41	0		81			0	155	50	0	0	0	0	0	0	0	1	0	0	
38	4	0	2	2	1	1	1	"글로리어스바지"	101	35	0		74			0	80	21	0	0	0	0	0	0	0	0	1	0	
39	4	0	2	2	1	1	1	"바이올렌윈드바지"	30	16	0		36			0	36	0	0	0	0	4	0	0	0	0	0	1	
40	4	0	2	2	1	1	1	"레드윙바지"	53	22	0		42			0	35	7	0	0	0	4	0	0	0	0	0	1	
41	4	0	2	2	1	1	1	"에이션트바지"	72	28	0		54			0	49	16	0	0	0	4	0	0	0	0	0	1	
42	4	0	2	2	1	1	1	"데모닉바지"	86	37	0		67			0	60	20	0	0	0	0	0	0	0	0	0	2	
//43	4	0	2	2	1	1	1	"스톰블리츠바지"	117	49	0		75			0	57	19	0	0	0	0	0	0	0	0	0	2	
//44	4	0	2	2	1	1	1	"이터널윙바지"	135	59	0		86			380	45	16	0	0	0	0	0	0	0	0	0	2	
45	4	0	2	2	1	1	1	"티탄바지"	116	74	0		86			380	222	32	0	0	0	0	0	1	0	0	0	0	
46	4	0	2	2	1	1	1	"브레이브바지"	112	58	0		86			380	74	162	0	0	0	0	0	1	0	0	0	0	
47	4	0	2	2	1	1	1	"팬텀바지"	115	66	0		86			380	212	57	0	0	0	0	0	0	0	1	0	0	
48	4	0	2	2	1	1	1	"디스트로이바지"	113	51	0		86			380	62	19	165	0	0	0	0	0	0	1	0	0	
49	4	0	2	2	1	1	1	"세라핌바지"	116	53	0		86			380	55	197	0	0	0	0	0	0	1	0	0	0	
50	4	0	2	2	1	1	1	"디바인바지"	109	46	0		86			380	32	29	138	0	0	0	0	0	1	0	0	0	
51	4	0	2	2	1	1	1	"패왕바지"	116	46	0		86			380	105	38	0	0	0	0	0	0	0	0	1	0	
52	4	0	2	2	1	1	1	"하데스바지"	114	44	0		86			380	60	15	181	0	0	0	1	0	0	0	0	0	
//53	4	0	2	2	1	1	1	"서큐버스바지"	126	54	0		86			380	41	19	0	0	0	0	0	0	0	0	0	1	
end																													
//Index	ItemSlot	SkillType	x	y	sirial	option	drop		Level	Defence	MagDef		Dur			NeedLevel	Str	Dex	Eng	Hea	Cha	세트속성	흑마법사	흑기사	요정	마검사	다크로드	소환술사	
10	//장갑류																												
0	5	0	2	2	1	1	1	"청동장갑"	13	4	4		34			0	80	20	0	0	0	4	0	1	0	1	1	0	
1	5	0	2	2	1	1	1	"드라곤장갑"	52	14	6		68			0	120	30	0	0	0	4	0	1	0	1	0	0	
2	5	0	2	2	1	1	1	"패드장갑"	3	2	0		28			0	20	0	0	0	0	4	1	0	0	1	0	0	
3	5	0	2	2	1	1	1	"전설의장갑"	44	11	0		42			0	20	0	0	0	0	4	1	0	0	1	0	0	
4	5	0	2	2	1	1	1	"뼈장갑"	14	5	0		30			0	20	0	0	0	0	4	1	0	0	1	0	0	
5	5	0	2	2	1	1	1	"가죽장갑"	4	2	8		30			0	80	0	0	0	0	4	0	1	0	1	1	0	
6	5	0	2	2	1	1	1	"비늘장갑"	22	7	10		40			0	110	0	0	0	0	4	0	1	0	1	1	0	
7	5	0	2	2	1	1	1	"스핑크스장갑"	28	8	0		36			0	20	0	0	0	0	4	1	0	0	1	0	0	
8	5	0	2	2	1	1	1	"황동장갑"	32	9	8		44			0	100	30	0	0	0	4	0	1	0	1	0	0	
9	5	0	2	2	1	1	1	"철판장갑"	42	12	4		50			0	130	0	0	0	0	4	0	1	0	1	0	0	
10	5	0	2	2	1	1	1	"넝쿨장갑"	4	2	4		22			0	30	60	0	0	0	4	0	0	1	0	0	0	
11	5	0	2	2	1	1	1	"실크장갑"	14	4	8		26			0	30	70	0	0	0	4	0	0	1	0	0	0	
12	5	0	2	2	1	1	1	"바람의장갑"	26	6	10		32			0	30	80	0	0	0	4	0	0	1	0	0	0	
13	5	0	2	2	1	1	1	"정령장갑"	38	9	4		38			0	40	80	0	0	0	4	0	0	1	0	0	0	
14	5	0	2	2	1	1	1	"수호장갑"	50	15	6		45			0	40	80	0	0	0	4	0	0	1	0	0	0	
15	5	0	2	2	1	1	1	"아틀란스장갑"	70	20	6		80			0	150	70	0	0	0	4	0	0	0	1	0	0	
16	5	0	2	2	1	1	1	"블랙드라곤장갑"	76	22	6		74			0	170	60	0	0	0	4	0	1	0	0	0	0	
17	5	0	2	2	1	1	1	"다크피닉스장갑"	86	37	6		80			0	205	63	0	0	0	4	0	2	0	0	0	0	
18	5	0	2	2	1	1	1	"그랜드소울장갑"	70	20	5		67			0	49	10	0	0	0	4	2	0	0	0	0	0	
19	5	0	2	2	1	1	1	"홀리스프릿장갑"	72	29	6		74			0	50	110	0	0	0	4	0	0	2	0	0	0	
20	5	0	2	2	1	1	1	"선더호크장갑"	88	34	7		82			0	150	70	0	0	0	4	0	0	0	1	0	0	
21	5	0	2	2	1	1	1	"그레이트드라곤장갑"	94	48	6		86			0	200	58	0	0	0	4	0	2	0	0	0	0	
22	5	0	2	2	1	1	1	"블랙소울장갑"	87	30	6		75			0	55	18	0	0	0	4	2	0	0	0	0	0	
23	5	0	2	2	1	1	1	"아스릴장갑"	102	45	7		90			0	162	66	0	0	0	4	0	0	0	1	0	0	
24	5	0	2	2	1	1	1	"레드스피릿장갑"	84	38	6		80			0	52	115	0	0	0	4	0	0	2	0	0	0	
25	5	0	2	2	1	1	1	"라운드장갑"	42	12	7		42			0	70	20	0	0	0	4	0	0	0	0	1	0	
26	5	0	2	2	1	1	1	"다크소울장갑"	57	18	6		56			0	77	21	0	0	0	4	0	0	0	0	1	0	
27	5	0	2	2	1	1	1	"다크브리즌장갑"	75	21	5		70			0	84	22	0	0	0	4	0	0	0	0	1	0	
28	5	0	2	2	1	1	1	"다크마스터장갑"	89	29	4		78			0	80	21	0	0	0	4	0	0	0	0	1	0	
29	5	0	2	2	1	1	1	"드래곤나이트장갑"	114	60	7		90			380	170	60	0	0	0	0	0	2	0	0	0	0	
30	5	0	2	2	1	1	1	"베놈미스트장갑"	111	44	7		86			380	44	15	0	0	0	0	2	0	0	0	0	0	
31	5	0	2	2	1	1	1	"실피드레이장갑"	111	50	7		86			380	38	80	0	0	0	0	0	0	2	0	0	0	
32	5	0	2	2	1	1	1	"볼케이노장갑"	127	55	7		95			380	145	60	0	0	0	0	0	0	0	1	0	0	
33	5	0	2	2	1	1	1	"썬라이트장갑"	110	40	5		82			380	62	16	0	0	0	0	0	0	0	0	1	0	
34	5	0	2	2	1	1	1	"애쉬크로우장갑"	61	18	6		72			0	160	50	0	0	0	0	0	1	0	0	0	0	
35	5	0	2	2	1	1	1	"이클립스장갑"	61	15	6		54			0	53	12	0	0	0	0	1	0	0	0	0	0	
36	5	0	2	2	1	1	1	"아이리스장갑"	61	22	6		59			0	50	70	0	0	0	0	0	0	1	0	0	0	
37	5	0	2	2	1	1	1	"발리언트장갑"	91	27	7		81			0	155	50	0	0	0	0	0	0	0	1	0	0	
38	5	0	2	2	1	1	1	"글로리어스장갑"	91	25	5		74			0	80	21	0	0	0	0	0	0	0	0	1	0	
39	5	0	2	2	1	1	1	"바이올렌윈드장갑"	24	9	6		36			0	22	0	0	0	0	4	0	0	0	0	0	1	
40	5	0	2	2	1	1	1	"레드윙장갑"	44	13	8		42			0	18	4	0	0	0	4	0	0	0	0	0	1	
41	5	0	2	2	1	1	1	"에이션트장갑"	61	19	7		54			0	52	16	0	0	0	4	0	0	0	0	0	1	
42	5	0	2	2	1	1	1	"데모닉장갑"	70	26	6		67			0	50	10	0	0	0	0	0	0	0	0	0	2	
//43	5	0	2	2	1	1	1	"스톰블리츠장갑"	87	34	6		75			0	56	20	0	0	0	0	0	0	0	0	0	2	
//44	5	0	2	2	1	1	1	"이터널윙장갑"	111	49	7		86			380	46	17	0	0	0	0	0	0	0	0	0	2	
45	5	0	2	2	1	1	1	"티탄장갑"	100	56	7		86			380	222	32	0	0	0	0	0	1	0	0	0	0	
46	5	0	2	2	1	1	1	"브레이브장갑"	97	42	7		86			380	74	162	0	0	0	0	0	1	0	0	0	0	
47	5	0	2	2	1	1	1	"팬텀장갑"	101	49	7		86			380	212	57	0	0	0	0	0	0	0	1	0	0	
48	5	0	2	2	1	1	1	"디스트로이장갑"	99	40	7		86			380	62	19	165	0	0	0	0	0	0	1	0	0	
49	5	0	2	2	1	1	1	"세라핌장갑"	100	43	7		86			380	55	197	0	0	0	0	0	0	1	0	0	0	
50	5	0	2	2	1	1	1	"디바인장갑"	95	36	7		86			380	32	29	138	0	0	0	0	0	1	0	0	0	
51	5	0	2	2	1	1	1	"패왕장갑"	101	34	7		86			380	105	38	0	0	0	0	0	0	0	0	1	0	
52	5	0	2	2	1	1	1	"하데스장갑"	100	31	7		86			380	60	15	181	0	0	0	1	0	0	0	0	0	
//53	5	0	2	2	1	1	1	"서큐버스장갑"	99	41	7		86			380	41	19	0	0	0	0	0	0	0	0	0	1	
end																													
//Index	ItemSlot	SkillType	x	y	sirial	option	drop		Level	Defence	MagDef		Dur			NeedLevel	Str	Dex	Eng	Hea	Cha	세트속성	흑마법사	흑기사	요정	마검사	다크로드	소환술사	
11	//부츠류																												
0	6	0	2	2	1	1	1	"청동부츠"	12	4	10		34			0	80	20	0	0	0	4	0	1	0	1	1	0	
1	6	0	2	2	1	1	1	"드라곤부츠"	54	15	2		68			0	120	30	0	0	0	4	0	1	0	1	0	0	
2	6	0	2	2	1	1	1	"패드부츠"	4	3	10		28			0	20	0	0	0	0	4	1	0	0	1	0	0	
3	6	0	2	2	1	1	1	"전설의부츠"	46	12	0		42			0	30	0	0	0	0	4	1	0	0	1	0	0	
4	6	0	2	2	1	1	1	"뼈부츠"	16	6	6		30			0	30	0	0	0	0	4	1	0	0	1	0	0	
5	6	0	2	2	1	1	1	"가죽부츠"	5	2	12		30			0	80	0	0	0	0	4	0	1	0	1	1	0	
6	6	0	2	2	1	1	1	"비늘부츠"	22	8	8		40			0	110	0	0	0	0	4	0	1	0	1	1	0	
7	6	0	2	2	1	1	1	"스핑크스부츠"	30	9	8		36			0	30	0	0	0	0	4	1	0	0	1	0	0	
8	6	0	2	2	1	1	1	"황동부츠"	32	10	6		44			0	100	30	0	0	0	4	0	1	0	1	0	0	
9	6	0	2	2	1	1	1	"철판부츠"	42	12	4		50			0	130	0	0	0	0	4	0	1	0	1	0	0	
10	6	0	2	2	1	1	1	"넝쿨부츠"	5	2	0		22			0	30	60	0	0	0	4	0	0	1	0	0	0	
11	6	0	2	2	1	1	1	"실크부츠"	15	4	0		26			0	30	70	0	0	0	4	0	0	1	0	0	0	
12	6	0	2	2	1	1	1	"바람의부츠"	27	7	0		32			0	30	80	0	0	0	4	0	0	1	0	0	0	
13	6	0	2	2	1	1	1	"정령부츠"	40	10	0		38			0	40	80	0	0	0	4	0	0	1	0	0	0	
14	6	0	2	2	1	1	1	"수호부츠"	52	16	0		45			0	40	80	0	0	0	4	0	0	1	0	0	0	
15	6	0	2	2	1	1	1	"아틀란스부츠"	72	22	2		80			0	150	70	0	0	0	4	0	0	0	1	0	0	
16	6	0	2	2	1	1	1	"블랙드라곤부츠"	78	24	2		74			0	170	60	0	0	0	4	0	1	0	0	0	0	
17	6	0	2	2	1	1	1	"다크피닉스부츠"	93	40	2		80			0	198	60	0	0	0	4	0	2	0	0	0	0	
18	6	0	2	2	1	1	1	"그랜드소울부츠"	76	22	0		67			0	59	10	0	0	0	4	2	0	0	0	0	0	
19	6	0	2	2	1	1	1	"홀리스프릿부츠"	81	30	0		74			0	50	110	0	0	0	4	0	0	2	0	0	0	
20	6	0	2	2	1	1	1	"선더호크부츠"	92	37	2		82			0	150	70	0	0	0	4	0	0	0	1	0	0	
21	6	0	2	2	1	1	1	"그레이트드라곤부츠"	98	50	0		86			0	200	58	0	0	0	4	0	2	0	0	0	0	
22	6	0	2	2	1	1	1	"블랙소울부츠"	95	31	0		75			0	55	18	0	0	0	4	2	0	0	0	0	0	
23	6	0	2	2	1	1	1	"아스릴부츠"	110	50	0		90			0	162	66	0	0	0	4	0	0	0	1	0	0	
24	6	0	2	2	1	1	1	"레드스피릿부츠"	87	40	0		80			0	52	115	0	0	0	4	0	0	2	0	0	0	
25	6	0	2	2	1	1	1	"라운드부츠"	45	13	0		42			0	70	20	0	0	0	4	0	0	0	0	1	0	
26	6	0	2	2	1	1	1	"다크소울부츠"	60	20	0		56			0	77	21	0	0	0	4	0	0	0	0	1	0	
27	6	0	2	2	1	1	1	"다크브리즌부츠"	83	25	0		70			0	84	22	0	0	0	4	0	0	0	0	1	0	
28	6	0	2	2	1	1	1	"다크마스터부츠"	95	33	0		78			0	80	21	0	0	0	4	0	0	0	0	1	0	
29	6	0	2	2	1	1	1	"드래곤나이트부츠"	119	63	0		90			380	170	60	0	0	0	0	0	2	0	0	0	0	
30	6	0	2	2	1	1	1	"베놈미스트부츠"	119	47	0		86			380	44	15	0	0	0	0	2	0	0	0	0	0	
31	6	0	2	2	1	1	1	"실피드레이부츠"	119	53	0		86			380	38	80	0	0	0	0	0	0	2	0	0	0	
32	6	0	2	2	1	1	1	"볼케이노부츠"	131	61	0		95			380	145	60	0	0	0	0	0	0	0	1	0	0	
33	6	0	2	2	1	1	1	"썬라이트부츠"	121	44	0		82			380	62	16	0	0	0	0	0	0	0	0	1	0	
34	6	0	2	2	1	1	1	"애쉬크로우부츠"	68	19	0		72			0	160	50	0	0	0	0	0	1	0	0	0	0	
35	6	0	2	2	1	1	1	"이클립스부츠"	68	17	0		54			0	53	12	0	0	0	0	1	0	0	0	0	0	
36	6	0	2	2	1	1	1	"아이리스부츠"	68	23	0		59			0	50	70	0	0	0	0	0	0	1	0	0	0	
37	6	0	2	2	1	1	1	"발리언트부츠"	98	29	0		81			0	155	50	0	0	0	0	0	0	0	1	0	0	
38	6	0	2	2	1	1	1	"글로리어스부츠"	98	29	0		74			0	80	21	0	0	0	0	0	0	0	0	1	0	
39	6	0	2	2	1	1	1	"바이올렌윈드부츠"	26	11	0		36			0	27	0	0	0	0	4	0	0	0	0	0	1	
40	6	0	2	2	1	1	1	"레드윙부츠"	46	15	0		42			0	25	4	0	0	0	4	0	0	0	0	0	1	
41	6	0	2	2	1	1	1	"에이션트부츠"	65	21	0		54			0	53	16	0	0	0	4	0	0	0	0	0	1	
42	6	0	2	2	1	1	1	"데모닉부츠"	76	28	0		67			0	60	10	0	0	0	0	0	0	0	0	0	2	
//43	6	0	2	2	1	1	1	"스톰블리츠부츠"	95	38	0		75			0	57	20	0	0	0	0	0	0	0	0	0	2	
//44	6	0	2	2	1	1	1	"이터널윙부츠"	119	51	0		86			380	46	16	0	0	0	0	0	0	0	0	0	2	
45	6	0	2	2	1	1	1	"티탄부츠"	96	57	0		86			380	222	32	0	0	0	0	0	1	0	0	0	0	
46	6	0	2	2	1	1	1	"브레이브부츠"	93	45	0		86			380	74	162	0	0	0	0	0	1	0	0	0	0	
47	6	0	2	2	1	1	1	"팬텀부츠"	97	54	0		86			380	212	57	0	0	0	0	0	0	0	1	0	0	
48	6	0	2	2	1	1	1	"디스트로이부츠"	94	44	0		86			380	62	19	165	0	0	0	0	0	0	1	0	0	
49	6	0	2	2	1	1	1	"세라핌부츠"	97	42	0		86			380	55	197	0	0	0	0	0	0	1	0	0	0	
50	6	0	2	2	1	1	1	"디바인부츠"	92	35	0		86			380	32	29	138	0	0	0	0	0	1	0	0	0	
51	6	0	2	2	1	1	1	"패왕부츠"	98	38	0		86			380	105	38	0	0	0	0	0	0	0	0	1	0	
52	6	0	2	2	1	1	1	"하데스부츠"	94	34	0		86			380	60	15	181	0	0	0	1	0	0	0	0	0	
//53	6	0	2	2	1	1	1	"서큐버스부츠"	107	44	0		86			380	41	19	0	0	0	0	0	0	0	0	0	1	
end																													
																													
//Index	ItemSlot	SkillType	x	y	sirial	option	drop		Level		Dur		얼음	독	번개		불	땅	바람	물		세트속성	흑마법사	흑기사	요정	마검사	다크로드	소환술사	
13																													
0	8	0	1	1	1	0	1	"수호천사"	23		255		0	0	0		0	0	0	0		0	1	1	1	1	1	1	
1	8	0	1	1	1	0	1	"사탄"	28		255		0	0	0		0	0	0	0		0	1	1	1	1	1	1	
2	8	0	1	1	1	0	1	"유니리아의뿔"	25		255		0	0	0		0	0	0	0		0	1	1	1	1	1	1	
3	8	49	1	1	1	0	0	"디노란트의뿔"	110		255		0	0	0		0	0	0	0		0	1	1	1	1	1	1	
4	8	62	1	1	1	0	0	"다크호스의뿔"	218		255		0	0	0		0	0	0	0		0	0	0	0	0	1	0	
5	1	0	1	1	1	0	0	"다크스피릿의발톱"	0		255		0	0	0		0	0	0	0		0	1	1	1	1	1	0	
7	-1	0	1	1	1	0	0	"계약문서(소환)"	0		255		0	0	0		0	0	0	0		0	1	1	1	1	1	1	
8	10	0	1	1	1	1	1	"얼음의반지"	20		50		1	0	0		0	0	0	0		2	1	1	1	1	1	1	
9	10	0	1	1	1	1	1	"독의반지"	17		50		0	1	0		0	0	0	0		4	1	1	1	1	1	1	
10	10	0	1	1	1	0	0	"변신반지"	0		200		0	0	0		0	0	0	0		0	1	1	1	1	1	1	
11	-1	0	1	1	1	0	0	"주문서(가디언및라이프스톤)"	0		255		0	0	0		0	0	0	0		0	1	1	1	1	1	1	
12	9	0	1	1	1	1	1	"번개의목걸이"	21		50		0	0	1		0	0	0	0		3	1	1	1	1	1	1	
13	9	0	1	1	1	1	1	"불의목걸이"	13		50		0	0	0		1	0	0	0		1	1	1	1	1	1	1	
14	-1	0	1	2	1	0	1	"로크의깃털"	78		0		0	0	0		0	0	0	0		0	1	1	1	1	1	1	
15	-1	0	1	1	1	0	0	"열매"	0		0		0	0	0		0	0	0	0		0	1	1	1	1	1	1	
16	-1	0	1	2	1	0	1	"대천사의서"	0		128		0	0	0		0	0	0	0		0	1	1	1	1	1	1	
17	-1	0	1	2	1	0	1	"블러드본"	0		128		0	0	0		0	0	0	0		0	1	1	1	1	1	1	
18	-1	0	2	2	1	0	0	"투명망토"	0		255		0	0	0		0	0	0	0		0	1	1	1	1	1	1	
19	-1	0	1	2	1	0	0	"대천사의절대무기"	0		255		0	0	0		0	0	0	0		0	1	1	1	1	1	1	
20	10	0	1	1	1	1	0	"마법사의반지"	0		30		0	0	0		0	0	0	0		0	1	1	1	1	1	1	
21	10	0	1	1	1	1	1	"불의반지"	30		50		0	0	0		1	0	0	0		3	1	1	1	1	1	1	
22	10	0	1	1	1	1	1	"땅의반지"	38		50		0	0	0		0	1	0	0		1	1	1	1	1	1	1	
23	10	0	1	1	1	1	1	"바람의반지"	44		50		0	0	0		0	0	1	0		2	1	1	1	1	1	1	
24	10	0	1	1	1	1	1	"마법의반지"	47		50		0	0	0		0	0	0	0		3	1	1	1	1	1	1	
25	9	0	1	1	1	1	1	"얼음의목걸이"	34		50		1	0	0		0	0	0	0		1	1	1	1	1	1	1	
26	9	0	1	1	1	1	1	"바람의목걸이"	42		50		0	0	0		0	0	1	0		2	1	1	1	1	1	1	
27	9	0	1	1	1	1	1	"물의목걸이"	46		50		0	0	0		0	0	0	1		4	1	1	1	1	1	1	
28	9	0	1	1	1	1	1	"기술의목걸이"	50		50		0	0	0		0	0	0	0		0	1	1	1	1	1	1	
29	-1	0	2	2	1	1	1	"근위병의갑옷세트"	0		0		0	0	0		0	0	0	0		0	1	1	1	1	1	1	
30	7	0	2	3	1	1	0	"군주의망토"	180		200		0	0	0		0	0	0	0		0	0	0	0	0	1	0	
31	-1	0	1	1	1	0	0	"영혼"	0		0		0	0	0		0	0	0	0		0	0	0	0	0	1	0	
32	-1	0	1	1	1	0	1	"갑옷파편"	0		1		0	0	0		0	0	0	0		0	1	1	1	1	1	1	
33	-1	0	1	1	1	0	1	"여신의가호"	0		1		0	0	0		0	0	0	0		0	1	1	1	1	1	1	
34	-1	0	1	1	1	0	1	"맹수의발톱"	0		1		0	0	0		0	0	0	0		0	1	1	1	1	1	1	
35	-1	0	1	1	1	0	0	"뿔피리조각"	0		1		0	0	0		0	0	0	0		0	1	1	1	1	1	1	
36	-1	0	2	2	1	0	0	"부러진뿔피리"	0		1		0	0	0		0	0	0	0		0	1	1	1	1	1	1	
37	8	0	2	2	1	1	0	"펜릴의뿔피리"	300		255		0	0	0		0	0	0	0		0	2	2	2	1	1	2	
38	10	0	1	1	1	1	0	"문스톤펜던트"	21		120		0	0	0		0	0	0	0		3	1	1	1	1	1	1	
40	10	0	1	1	1	0	0	"잭오랜턴변신반지"	10		100		0	0	0		0	0	0	0		0	1	1	1	1	1	1	
42	10	0	1	1	1	0	0	"GM변신반지"	0		255		255	255	255		255	255	255	255		0	1	1	1	1	1	1	
43	-1	0	1	1	1	0	0	"상승의인장"	0		0		0	0	0		0	0	0	0		0	1	1	1	1	1	1	
44	-1	0	1	1	1	0	0	"풍요의인장"	0		0		0	0	0		0	0	0	0		0	1	1	1	1	1	1	
45	-1	0	1	1	1	0	0	"유지의인장"	0		0		0	0	0		0	0	0	0		0	1	1	1	1	1	1	
46	-1	0	1	1	1	0	0	"데빌스퀘어자유입장권"	0		10		0	0	0		0	0	0	0		0	1	1	1	1	1	1	
47	-1	0	1	1	1	0	0	"블러드캐슬자유입장권"	0		10		0	0	0		0	0	0	0		0	1	1	1	1	1	1	
48	-1	0	1	1	1	0	0	"칼리마자유입장권"	0		10		0	0	0		0	0	0	0		0	1	1	1	1	1	1	
49	-1	0	1	1	1	0	0	"낡은두루마리"	0		0		0	0	0		0	0	0	0		0	1	1	1	1	1	1	
50	-1	0	1	2	1	0	0	"환영교단의서약"	0		0		0	0	0		0	0	0	0		0	1	1	1	1	1	1	
51	-1	0	2	2	1	0	0	"피의두루마리"	0		1		0	0	0		0	0	0	0		0	1	1	1	1	1	1	
52	-1	0	1	2	1	0	1	"콘도르의불꽃"	0		0		0	0	0		0	0	0	0		0	1	1	1	1	1	1	
53	-1	0	1	2	1	0	0	"콘도르의깃털"	0		0		0	0	0		0	0	0	0		0	1	1	1	1	1	1	
54	-1	0	1	1	1	0	0	"힘리셋열매"	0		0		0	0	0		0	0	0	0		0	1	1	1	1	1	1	
55	-1	0	1	1	1	0	0	"민첩리셋열매"	0		100		0	0	0		0	0	0	0		0	1	1	1	1	1	1	
56	-1	0	1	1	1	0	0	"체력리셋열매"	0		100		0	0	0		0	0	0	0		0	1	1	1	1	1	1	
57	-1	0	1	1	1	0	0	"에너지리셋열매"	0		100		0	0	0		0	0	0	0		0	1	1	1	1	1	1	
58	-1	0	1	1	1	0	0	"통솔리셋열매"	0		100		0	0	0		0	0	0	0		0	1	1	1	1	1	1	
59	-1	0	1	1	1	0	0	"이동의인장"	0		0		0	0	0		0	0	0	0		0	1	1	1	1	1	1	
60	-1	0	1	2	1	0	0	"면죄부"	0		0		0	0	0		0	0	0	0		0	1	1	1	1	1	1	
61	-1	0	1	1	1	0	0	"환영사원자유입장권"	0		10		0	0	0		0	0	0	0		0	1	1	1	1	1	1	
62	-1	0	1	1	1	0	0	"치유의 인장"	0		0		0	0	0		0	0	0	0		0	1	1	1	1	1	1	
63	-1	0	1	1	1	0	0	"신성의 인장"	0		0		0	0	0		0	0	0	0		0	1	1	1	1	1	1	
64	8	0	1	1	1	0	1	"데몬"	28		255		0	0	0		0	0	0	0		0	1	1	1	1	1	1	
65	8	0	1	1	1	0	1	"수호정령"	28		255		0	0	0		0	0	0	0		0	1	1	1	1	1	1	
66	-1	0	1	1	1	0	0	"산타의마을초대장"	0		10		0	0	0		0	0	0	0		0	1	1	1	1	1	1	
67	8	0	1	1	1	0	0	"루돌프펫"	28		255		0	0	0		0	0	0	0		0	1	1	1	1	1	1	
68	10	0	1	1	1	0	0	"눈사람변신반지"	10		100		0	0	0		0	0	0	0		0	1	1	1	1	1	1	
69	-1	0	1	1	1	0	0	"부활의부적"	0		0		0	0	0		0	0	0	0		0	1	1	1	1	1	1	
70	-1	0	1	1	1	0	0	"이동의부적"	0		2		0	0	0		0	0	0	0		0	1	1	1	1	1	1	
76	10	0	1	1	0	0	0	"Panda Ring"	28		255		0	0	0		0	0	0	0		0	1	1	1	1	1	1	
80	8	0	1	1	0	0	0	"Pet Panda"	1		255		0	0	0		0	0	0	0		0	1	1	1	1	1	1	
end																													
																													
//Index	ItemSlot	SkillType	x	y	sirial	option	drop		Value	Level																			
14																													
0	-1	0	1	1	0	0	1	"사과"	5	1																			
1	-1	0	1	1	0	0	1	"작은치료물약"	10	10																			
2	-1	0	1	1	0	0	1	"중간치료물약"	20	25																			
3	-1	0	1	1	0	0	1	"큰치료물약"	30	40																			
4	-1	0	1	1	0	0	1	"작은마나물약"	10	10																			
5	-1	0	1	1	0	0	1	"중간마나물약"	20	25																			
6	-1	0	1	1	0	0	1	"큰마나물약"	30	40																			
7	-1	0	1	1	0	0	0	"공성물약"	30	0																			
8	-1	0	1	1	0	0	1	"해독물약"	10	10																			
9	-1	0	1	2	0	0	1	"술"	30	15																			
10	-1	0	1	2	0	0	1	"마을귀환문서"	30	30																			
11	-1	0	1	1	1	0	1	"행운의상자"	0	0																			
12	-1	0	1	1	1	0	1	"하트"	0	0																			
13	-1	0	1	1	1	0	1	"축복의보석"	150	25																			
14	-1	0	1	1	1	0	1	"영혼의보석"	150	30																			
15	-1	0	1	1	0	0	1	"젠"	0	0																			
16	-1	0	1	1	1	0	1	"생명의보석"	0	72																			
17	-1	0	1	1	1	0	1	"악마의눈"	0	1																			
18	-1	0	1	1	1	0	1	"악마의열쇠"	0	1																			
19	-1	0	1	1	1	0	0	"데빌스퀘어초대권"	0	0																			
20	-1	0	1	1	0	0	1	"사랑의묘약"	0	0																			
21	-1	0	1	1	0	0	1	"레나"	0	0																			
22	-1	0	1	1	1	0	1	"창조의보석"	0	78																			
23	-1	0	1	1	1	0	1	"제왕의서"	0	0																			
24	-1	0	1	2	1	0	1	"부러진검"	0	0																			
25	-1	0	1	1	1	0	1	"엘프의눈물"	0	0																			
26	-1	0	1	1	1	0	1	"마법사의혼"	0	0																			
//27	-1	0	1	1	1	0	1	"고대의금속"	0	0																			
28	-1	0	1	1	1	0	0	"잃어버린지도"	0	0																			
29	-1	0	1	1	1	0	1	"쿤둔의표식"	0	0																			
//30	-1	0	1	1	1	0	1	"__징표"	0	0																			
31	-1	0	1	1	1	0	1	"수호보석"	75	0																			
32	-1	0	1	1	1	0	1	"분홍초콜릿상자"	0	0																			
33	-1	0	1	1	1	0	1	"빨간초콜릿상자"	0	0																			
34	-1	0	1	1	1	0	1	"파란초콜릿상자"	0	0																			
35	-1	0	1	1	1	0	0	"작은SD회복물약"	50	0																			
36	-1	0	1	1	1	0	0	"중간SD회복물약"	80	0																			
37	-1	0	1	1	1	0	0	"큰SD회복물약"	100	0																			
38	-1	0	1	1	1	0	1	"작은복합물약"	20	68																			
39	-1	0	1	1	1	0	1	"중간복합물약"	40	86																			
40	-1	0	1	1	1	0	1	"큰복합물약"	60	100																			
41	-1	0	1	1	1	0	0	"보석원석"	150	25																			
42	-1	0	1	1	1	0	0	"조화의보석"	150	25																			
43	-1	0	1	1	1	0	0	"하급 제련석"	150	25																			
44	-1	0	1	1	1	0	0	"상급 제련석"	150	25																			
45	-1	0	1	1	1	0	1	"행운의호박"	0	1																			
46	-1	0	1	2	1	0	0	"잭오랜턴의축복"	0	0																			
47	-1	0	1	2	1	0	0	"잭오랜턴의분노"	0	0																			
48	-1	0	1	2	1	0	0	"잭오랜턴의외침"	0	0																			
49	-1	0	1	1	1	0	0	"잭오랜턴의음식"	0	0																			
50	-1	0	1	1	1	0	0	"잭오랜턴의음료"	0	0																			
51	-1	0	1	1	1	0	0	"크리스마스의별"	0	0																			
52	-1	0	1	1	1	0	0	"GM선물상자"	0	0																			
53	-1	0	1	1	1	0	0	"행운의부적"	0	0																			
54	-1	0	1	1	1	0	0	"카오스카드"	0	0																			
55	-1	0	1	1	1	0	0	"초록혼돈의상자"	0	0																			
56	-1	0	1	1	1	0	0	"빨간혼돈의상자"	0	0																			
57	-1	0	1	1	1	0	0	"보라혼돈의상자"	0	0																			
58	-1	0	1	1	1	0	0	"희귀아이템티켓1"	0	0																			
59	-1	0	1	1	1	0	0	"희귀아이템티켓2"	0	0																			
60	-1	0	1	1	1	0	0	"희귀아이템티켓3"	0	0																			
61	-1	0	1	1	1	0	0	"희귀아이템티켓4"	0	0																			
62	-1	0	1	1	1	0	0	"희귀아이템티켓5"	0	0																			
63	-1	0	1	1	1	0	0	"폭죽"	0	0																			
64	-1	0	1	1	1	0	0	"저주받은성물"	0	0																			
65	-1	0	1	1	1	0	0	"데쓰빔나이트의불꽃"	0	0																			
66	-1	0	1	2	1	0	0	"헬마이네의뿔"	0	0																			
67	-1	0	1	2	1	0	0	"어둠의불사조의깃털"	0	0																			
68	-1	0	1	2	1	0	0	"심연의눈동자"	0	0																			
70	-1	0	1	1	1	0	0	"엘리트치료물약"	0	0																			
71	-1	0	1	1	1	0	0	"엘리트마나물약"	0	0																			
72	-1	0	2	2	1	0	0	"신속의스크롤"	0	0																			
73	-1	0	2	2	1	0	0	"방어의스크롤"	0	0																			
74	-1	0	2	2	1	0	0	"분노의스크롤"	0	0																			
75	-1	0	2	2	1	0	0	"마력의스크롤"	0	0																			
76	-1	0	2	2	1	0	0	"체력의스크롤"	0	0																			
77	-1	0	2	2	1	0	0	"마나의스크롤"	0	0																			
78	-1	0	1	2	1	0	0	"힘의비약"	0	0																			
79	-1	0	1	2	1	0	0	"민첩의비약"	0	0																			
80	-1	0	1	2	1	0	0	"체력의비약"	0	0																			
81	-1	0	1	2	1	0	0	"에너지의비약"	0	0																			
82	-1	0	1	2	1	0	0	"통솔의비약"	0	0																			
83	-1	0	1	1	1	0	0	"희귀아이템티켓6"	0	0																			
84	-1	0	1	1	1	0	1	"벚꽃놀이 상자"	0	0																			
85	-1	0	1	2	1	0	0	"벚꽃술"	0	0																			
86	-1	0	1	1	1	0	0	"벚꽃놀이 경단"	0	0																			
87	-1	0	1	1	1	0	0	"벚꽃 꽃잎"	0	0																			
88	-1	0	1	2	1	0	0	"하얀 벚꽃가지"	0	0																			
89	-1	0	1	2	1	0	0	"붉은 벚꽃가지"	0	0																			
90	-1	0	1	2	1	0	0	"황금 벚꽃가지"	0	0																			
91	-1	0	1	1	1	0	0	"소환술사캐릭터카드"	0	0																			
92	-1	0	1	1	1	0	0	"카오스카드골드"	0	0																			
93	-1	0	1	1	1	0	0	"카오스카드레어"	0	0																			
94	-1	0	1	1	1	0	0	"중간엘리트치료물약"	0	0																			
95	-1	0	1	1	1	0	0	"카오스카드미니"	0	0																			
96	-1	0	1	1	1	0	0	"카오스조합부적"	0	0																			
97	-1	0	2	2	1	0	0	"전투의스크롤"	0	0																			
98	-1	0	2	2	1	0	0	"강화의스크롤"	0	0																			
99	-1	0	1	1	1	0	0	"크리스마스폭죽"	0	0																			
end																													
																													
//Index	ItemSlot	SkillType	x	y	sirial	option	drop		Level	Def	Dur	ReqLev	ReqEng	ReqStr	RegDex	RegCha	Zen						흑마법사	흑기사	요정	마검사	다크로드	소환술사	
12																													
0	7	0	3	2	1	0	0	"요정날개"	100	10	200	180	0	0	0	0	0						0	0	1	0	0	0	
1	7	0	5	3	1	0	0	"천공의날개"	100	10	200	180	0	0	0	0	0						1	0	0	1	0	0	
2	7	0	5	2	1	0	0	"사탄날개"	100	20	200	180	0	0	0	0	0						0	1	0	1	0	0	
3	7	0	5	3	1	1	0	"정령의날개"	150	30	200	215	0	0	0	0	0						0	0	2	0	0	0	
4	7	0	5	3	1	1	0	"영혼의날개"	150	30	200	215	0	0	0	0	0						2	0	0	0	0	0	
5	7	0	3	3	1	1	0	"드라곤의날개"	150	45	200	215	0	0	0	0	0						0	2	0	0	0	0	
6	7	0	4	2	1	1	0	"암흑의날개"	150	40	200	215	0	0	0	0	0						0	0	0	1	0	0	
7	-1	0	1	1	1	0	1	"회오리베기구슬"	47	0	0	80	0	0	0	0	29000						0	1	0	1	0	0	
8	-1	0	1	1	1	0	1	"치료구슬"	8	0	0	0	100	0	0	0	800						0	0	1	0	0	0	
9	-1	0	1	1	1	0	1	"방어력향상구슬"	13	0	0	0	100	0	0	0	3000						0	0	1	0	0	0	
10	-1	0	1	1	1	0	1	"공격력향상구슬"	18	0	0	0	100	0	0	0	7000						0	0	1	0	0	0	
11	-1	0	1	1	1	0	1	"소환구슬"	3	0	0	0	0	0	0	0	150						0	0	1	0	0	0	
12	-1	0	1	1	1	0	1	"분노의일격구슬"	78	0	0	170	0	0	0	0	150000						0	2	0	0	0	0	
13	-1	0	1	1	1	0	1	"창찌르기구슬"	20	0	0	28	0	0	0	0	10000						0	1	0	1	0	0	
14	-1	0	1	1	1	0	1	"스웰라이프구슬"	60	0	0	120	0	0	0	0	43000						0	1	0	0	0	0	
15	-1	0	1	1	1	0	1	"혼돈의보석"	12	0	0	0	0	0	0	0	0						1	1	1	1	1	0	
16	-1	0	1	1	1	0	1	"블러드어택구슬"	60	0	0	0	0	320	0	0	51000						0	0	0	1	0	0	
17	-1	0	1	1	1	0	1	"관통구슬"	64	0	0	130	0	0	0	0	72000						0	0	1	0	0	0	
18	-1	0	1	1	1	0	1	"아이스애로우구슬"	81	0	0	0	0	0	258	0	195000						0	0	2	0	0	0	
19	-1	0	1	1	1	0	1	"블로우구슬"	72	0	0	160	0	0	0	0	85000						0	2	0	0	0	0	
//20	-1	0	1	1	1	0	1	"__요정추가스킬"	0	0	0	0	0	0	0	0	0						0	0	2	0	0	0	
21	-1	0	1	2	1	0	1	"파이어버스트스크롤"	74	0	0	0	20	0	0	0	115000						0	0	0	0	1	0	
22	-1	0	1	2	1	0	1	"셔먼스크롤"	98	0	0	0	34	0	0	400	375000						0	0	0	0	1	0	
23	-1	0	1	2	1	0	1	"크리티컬데미지증가스크롤"	82	0	0	0	25	0	0	300	220000						0	0	0	0	1	0	
24	-1	0	1	2	1	0	1	"일렉트릭스파이크스크롤"	92	0	0	0	29	0	0	340	295000						0	0	0	0	1	0	
//25	-1	0	1	2	1	0	1	"세크리파이스스크롤"	105	0	0	0	37	0	0	450	450000						0	0	0	0	1	0	
26	-1	0	1	1	1	0	1	"신비의구슬"	0	0	0	0	0	0	0	0	0						1	1	1	1	1	1	
30	-1	0	1	1	1	0	1	"축복의보석묶음"	25	0	0	0	0	0	0	0	0						1	1	1	1	1	1	
31	-1	0	1	1	1	0	1	"영혼의보석묶음"	30	0	0	0	0	0	0	0	0						1	1	1	1	1	1	
32	-1	0	1	1	1	0	1	"빨간리본의상자"	0	0	0	0	0	0	0	0	0						1	1	1	1	1	1	
33	-1	0	1	1	1	0	1	"초록리본의상자"	0	0	0	0	0	0	0	0	0						1	1	1	1	1	1	
34	-1	0	1	1	1	0	1	"파란리본의상자"	0	0	0	0	0	0	0	0	0						1	1	1	1	1	1	
35	-1	0	1	2	1	0	1	"파이어스크림스크롤"	102	0	0	0	32	0	0	70	300000						0	0	0	0	1	0	
36	7	0	4	3	1	1	0	"폭풍의날개"	150	60	220	400	0	0	0	0	0						0	3	0	0	0	0	
37	7	0	4	3	1	1	0	"시공의날개"	150	45	220	400	0	0	0	0	0						3	0	0	0	0	0	
38	7	0	4	3	1	1	0	"환영의날개"	150	45	220	400	0	0	0	0	0						0	0	3	0	0	0	
39	7	0	4	3	1	1	0	"파멸의날개"	150	55	220	400	0	0	0	0	0						0	0	0	3	0	0	
40	7	0	2	3	1	1	0	"제왕의망토"	150	45	220	400	0	0	0	0	0						0	0	0	0	3	0	
41	7	0	4	2	1	0	0	"재앙의날개"	100	10	200	180	0	0	0	0	0						0	0	0	0	0	1	
42	7	0	4	3	1	1	0	"절망의날개"	150	30	200	215	0	0	0	0	0						0	0	0	0	0	2	
43	7	0	4	3	1	1	0	"차원의날개"	150	45	220	400	0	0	0	0	0						0	0	0	0	0	3	
44	-1	0	1	1	1	0	1	"파괴의일격구슬"	100	0	0	220	0	0	0	0	380000						0	2	0	0	0	0	
45	-1	0	1	1	1	0	1	"멀티샷구슬"	100	0	0	220	0	0	0	0	380000						0	0	2	0	0	0	
46	-1	0	1	1	1	0	1	"회복구슬"	100	0	0	220	37	0	0	0	250000						0	0	2	0	0	0	
47	-1	0	1	1	1	0	1	"플레임스트라이크구슬"	100	0	0	220	0	0	0	0	380000						0	0	0	1	0	0	
48	-1	0	1	2	1	0	1	"카오틱디세이어스크롤"	100	0	0	220	16	0	0	0	380000						0	0	0	0	1	0	
60	-1	0	1	1	1	0	1	"시드(불)"	150	0	0	0	0	0	0	0	500000						1	1	1	1	1	1	
61	-1	0	1	1	1	0	1	"시드(물)"	150	0	0	0	0	0	0	0	500000						1	1	1	1	1	1	
62	-1	0	1	1	1	0	1	"시드(얼음)"	150	0	0	0	0	0	0	0	500000						1	1	1	1	1	1	
63	-1	0	1	1	1	0	1	"시드(바람)"	150	0	0	0	0	0	0	0	500000						1	1	1	1	1	1	
64	-1	0	1	1	1	0	1	"시드(번개)"	150	0	0	0	0	0	0	0	500000						1	1	1	1	1	1	
65	-1	0	1	1	1	0	1	"시드(땅)"	150	0	0	0	0	0	0	0	500000						1	1	1	1	1	1	
70	-1	0	1	1	1	0	1	"스피어(모노)"	102	0	0	0	0	0	0	0	100000						1	1	1	1	1	1	
//71	-1	0	1	1	1	0	1	"스피어(디)"	2	0	0	0	0	0	0	0	150000						1	1	1	1	1	1	
//72	-1	0	1	1	1	0	1	"스피어(트리)"	3	0	0	0	0	0	0	0	200000						1	1	1	1	1	1	
//73	-1	0	1	1	1	0	1	"스피어(테트라)"	4	0	0	0	0	0	0	0	250000						1	1	1	1	1	1	
//74	-1	0	1	1	1	0	1	"스피어(펜타)"	5	0	0	0	0	0	0	0	300000						1	1	1	1	1	1	
100	-1	0	1	1	1	0	0	"시드 스피어(불)"	1	0	0	0	0	0	0	0	1050000						1	1	1	1	1	1	
101	-1	0	1	1	1	0	0	"시드 스피어(물)"	1	0	0	0	0	0	0	0	1050000						1	1	1	1	1	1	
102	-1	0	1	1	1	0	0	"시드 스피어(얼음)"	1	0	0	0	0	0	0	0	1050000						1	1	1	1	1	1	
103	-1	0	1	1	1	0	0	"시드 스피어(바람)"	1	0	0	0	0	0	0	0	1050000						1	1	1	1	1	1	
104	-1	0	1	1	1	0	0	"시드 스피어(번개)"	1	0	0	0	0	0	0	0	1050000						1	1	1	1	1	1	
105	-1	0	1	1	1	0	0	"시드 스피어(땅)"	1	0	0	0	0	0	0	0	1050000						1	1	1	1	1	1	
106	-1	0	1	1	1	0	0	"시드 스피어(불)"	2	0	0	0	0	0	0	0	1125000						1	1	1	1	1	1	
107	-1	0	1	1	1	0	0	"시드 스피어(물)"	2	0	0	0	0	0	0	0	1125000						1	1	1	1	1	1	
108	-1	0	1	1	1	0	0	"시드 스피어(얼음)"	2	0	0	0	0	0	0	0	1125000						1	1	1	1	1	1	
109	-1	0	1	1	1	0	0	"시드 스피어(바람)"	2	0	0	0	0	0	0	0	1125000						1	1	1	1	1	1	
110	-1	0	1	1	1	0	0	"시드 스피어(번개)"	2	0	0	0	0	0	0	0	1125000						1	1	1	1	1	1	
111	-1	0	1	1	1	0	0	"시드 스피어(땅)"	2	0	0	0	0	0	0	0	1125000						1	1	1	1	1	1	
112	-1	0	1	1	1	0	0	"시드 스피어(불)"	3	0	0	0	0	0	0	0	1200000						1	1	1	1	1	1	
113	-1	0	1	1	1	0	0	"시드 스피어(물)"	3	0	0	0	0	0	0	0	1200000						1	1	1	1	1	1	
114	-1	0	1	1	1	0	0	"시드 스피어(얼음)"	3	0	0	0	0	0	0	0	1200000						1	1	1	1	1	1	
115	-1	0	1	1	1	0	0	"시드 스피어(바람)"	3	0	0	0	0	0	0	0	1200000						1	1	1	1	1	1	
116	-1	0	1	1	1	0	0	"시드 스피어(번개)"	3	0	0	0	0	0	0	0	1200000						1	1	1	1	1	1	
117	-1	0	1	1	1	0	0	"시드 스피어(땅)"	3	0	0	0	0	0	0	0	1200000						1	1	1	1	1	1	
118	-1	0	1	1	1	0	0	"시드 스피어(불)"	4	0	0	0	0	0	0	0	1275000						1	1	1	1	1	1	
119	-1	0	1	1	1	0	0	"시드 스피어(물)"	4	0	0	0	0	0	0	0	1275000						1	1	1	1	1	1	
120	-1	0	1	1	1	0	0	"시드 스피어(얼음)"	4	0	0	0	0	0	0	0	1275000						1	1	1	1	1	1	
121	-1	0	1	1	1	0	0	"시드 스피어(바람)"	4	0	0	0	0	0	0	0	1275000						1	1	1	1	1	1	
122	-1	0	1	1	1	0	0	"시드 스피어(번개)"	4	0	0	0	0	0	0	0	1275000						1	1	1	1	1	1	
123	-1	0	1	1	1	0	0	"시드 스피어(땅)"	4	0	0	0	0	0	0	0	1275000						1	1	1	1	1	1	
124	-1	0	1	1	1	0	0	"시드 스피어(불)"	5	0	0	0	0	0	0	0	1350000						1	1	1	1	1	1	
125	-1	0	1	1	1	0	0	"시드 스피어(물)"	5	0	0	0	0	0	0	0	1350000						1	1	1	1	1	1	
126	-1	0	1	1	1	0	0	"시드 스피어(얼음)"	5	0	0	0	0	0	0	0	1350000						1	1	1	1	1	1	
127	-1	0	1	1	1	0	0	"시드 스피어(바람)"	5	0	0	0	0	0	0	0	1350000						1	1	1	1	1	1	
128	-1	0	1	1	1	0	0	"시드 스피어(번개)"	5	0	0	0	0	0	0	0	1350000						1	1	1	1	1	1	
129	-1	0	1	1	1	0	0	"시드 스피어(땅)"	5	0	0	0	0	0	0	0	1350000						1	1	1	1	1	1	
end																													
																													
//Index	ItemSlot	SkillType	x	y	sirial	option	drop		Level	ReqLev	ReqEng						Zen						흑마법사	흑기사	요정	마검사	다크로드	소환술사	
15	//법서																												
0	-1	0	1	2	1	0	1	"포이즌법서"	30	0	100						17000						1	0	0	1	0	0	
1	-1	0	1	2	1	0	1	"운석법서"	21	0	100						11000						1	0	0	1	0	1	
2	-1	0	1	2	1	0	1	"번개법서"	13	0	100						3000						1	0	0	1	0	0	
3	-1	0	1	2	1	0	1	"파이어볼법서"	5	0	100						300						1	0	0	1	0	1	
4	-1	0	1	2	1	0	1	"불기둥법서"	35	0	100						21000						1	0	0	1	0	0	
5	-1	0	1	2	1	0	1	"순간이동법서"	17	0	100						5000						1	0	0	0	0	0	
6	-1	0	1	2	1	0	1	"얼음법서"	25	0	100						14000						1	0	0	1	0	1	
7	-1	0	1	2	1	0	1	"회오리법서"	40	0	100						25000						1	0	0	1	0	0	
8	-1	0	1	2	1	0	1	"악령법서"	50	0	100						35000						1	0	0	1	0	0	
9	-1	0	1	2	1	0	1	"헬파이어법서"	60	0	100						60000						1	0	0	1	0	0	
10	-1	0	1	2	1	0	1	"파워웨이브법서"	9	0	100						1150						1	0	0	1	0	1	
11	-1	0	1	2	1	0	1	"아쿠아플래쉬법서"	74	0	110						100000						1	0	0	1	0	0	
12	-1	0	1	2	1	0	1	"블래스트법서"	80	0	150						175000						1	0	0	1	0	0	
13	-1	0	1	2	1	0	1	"인페르노법서"	88	0	200						265000						1	0	0	1	0	0	
14	-1	0	1	2	1	0	1	"텔레키네시스법서"	83	0	188						245000						2	0	0	0	0	0	
15	-1	0	1	2	1	0	1	"소울바리어법서"	77	0	126						135000						1	0	0	0	0	0	
16	-1	0	1	2	1	0	1	"데쓰포이즌법서"	96	0	243						345000						2	0	0	0	0	0	
17	-1	0	1	2	1	0	1	"서든아이스법서"	93	0	223						315000						2	0	0	0	0	0	
18	-1	0	1	2	1	0	1	"헬버스트법서"	100	0	258						410000						2	0	0	0	0	0	
20	-1	0	1	2	1	0	1	"드레인라이프양피지"	35	0	93						100000						0	0	0	0	0	1	
24	-1	0	1	2	1	0	1	"슬립양피지"	40	0	100						135000						0	0	0	0	0	1	
19	-1	0	1	2	1	0	1	"체인라이트닝양피지"	75	0	75						175000						0	0	0	0	0	1	
22	-1	0	1	2	1	0	1	"데미지반사양피지"	80	0	111						245000						0	0	0	0	0	1	
23	-1	0	1	2	1	0	1	"버서커양피지"	83	0	181						265000						0	0	0	0	0	1	
21	-1	0	1	2	1	0	1	"라이트닝쇼크양피지"	93	0	216						315000						0	0	0	0	0	1	
//25	-1	0	1	2	1	0	1	"블라인드양피지"	93	0	223						345000						0	0	0	0	0	2	
26	-1	0	1	2	1	0	1	"위크니스양피지"	93	0	173						410000						0	0	0	0	0	2	
27	-1	0	1	2	1	0	1	"이너베이션양피지"	111	0	201						450000						0	0	0	0	0	2	
28	-1	0	1	2	1	0	1	"마력증대법서"	100	220	118						425000						2	0	0	0	0	0	
29	-1	0	1	2	1	0	1	"기간틱스톰법서"	100	220	118						380000						0	0	0	1	0	0	
end
