// Text Ver. 0.0.0.9																				
// Version 1.04  - T서버																				
// Version 1.04  - M서버																				
// 최종 작업자 - 김서영																				
// 최종 작업일 - 2009-05-09  2:52:45 PM																				
// 내용: 초록혼돈의 상자_PC방 포인트 시스템 수정으로 인한 리스트 추가 (일본요청)																				
//드롭가능맵 설정																				
0																				
//	MapIndex	Drop Flag	Min Monster Level	Max MonsterLevel																
	0	0	0	1000	//로랜시아															
	1	0	0	1000	//던전															
	2	0	0	1000	//데비아스															
	3	0	0	1000	//노리아															
	4	0	0	1000	//로스트타워															
	5	0	0	1000	//빈공간															
	6	0	0	1000	//경기장(배틀사커)															
	7	0	0	1000	//아틀란스															
	8	0	0	1000	//타르칸															
	9	0	0	1000	//악마의광장															
	10	0	0	1000	//이카루스															
end																				
																				
//드롭젠 및 아이템드롭 확률																				
//이벤트아이템 드롭 확률은 EventItemDropRate/1000																				
//아이템드롭 확률은 ItemDropRate/100. ExItemDropRate/1000																				
1																				
//	EventName	DropZen	EventItemType	EventItemIndex	EventItemLevel	EventItemDropRate	ItemDropRate	ExItemDropRate												
	"PCBangGage_G"	90000	0	0	0	0	1000	0												
end																				
																				
//skill. luck. addtoption 의 값이 1이면 랜덤으로 적용. 0이면 적용안함 																				
2																				
//	type	index	minLevel	maxLevel	skill	luck	addoption	exitemflag												
//2009년 5월 일 ~																				
//획득확률 : 1800/10000																				
1800																				
	7	6	6	9	0	1	1	0	//비늘헬멧											
	8	6	6	9	0	1	1	0	//비늘갑옷											
	9	6	6	9	0	1	1	0	//비늘바지											
	10	6	6	9	0	1	1	0	//비늘장갑											
	11	6	6	9	0	1	1	0	//비늘부츠											
	7	11	6	9	0	1	1	0	//실크헬멧											
	8	11	6	9	0	1	1	0	//실크갑옷											
	9	11	6	9	0	1	1	0	//실크바지											
	10	11	6	9	0	1	1	0	//실크장갑											
	11	11	6	9	0	1	1	0	//실크부츠											
	7	4	6	9	0	1	1	0	//뼈헬멧											
	8	4	6	9	0	1	1	0	//뼈갑옷											
	9	4	6	9	0	1	1	0	//뼈바지											
	10	4	6	9	0	1	1	0	//뼈장갑											
	11	4	6	9	0	1	1	0	//뼈부츠											
	7	8	6	9	0	1	1	0	//황동헬멧											
	8	8	6	9	0	1	1	0	//황동갑옷											
	9	8	6	9	0	1	1	0	//황동바지											
	10	8	6	9	0	1	1	0	//황동장갑											
	11	8	6	9	0	1	1	0	//황동부츠											
	7	12	6	9	0	1	1	0	//바람의헬멧											
	8	12	6	9	0	1	1	0	//바람의갑옷											
	9	12	6	9	0	1	1	0	//바람의바지											
	10	12	6	9	0	1	1	0	//바람의장갑											
	11	12	6	9	0	1	1	0	//바람의부츠											
	7	7	6	9	0	1	1	0	//스핑크스마스크											
	8	7	6	9	0	1	1	0	//스핑크스갑옷											
	9	7	6	9	0	1	1	0	//스핑크스바지											
	10	7	6	9	0	1	1	0	//스핑크스장갑											
	11	7	6	9	0	1	1	0	//스핑크스부츠											
	7	39	6	9	0	1	1	0	//바이올렌윈드헬멧											
	8	39	6	9	0	1	1	0	//바이올렌윈드갑옷											
	9	39	6	9	0	1	1	0	//바이올렌윈드바지											
	10	39	6	9	0	1	1	0	//바이올렌윈드장갑											
	11	39	6	9	0	1	1	0	//바이올렌윈드부츠											
end																				
//획득확률 : 1500/10000																				
1500																				
	0	7	6	9	1	1	1	0	//펄션											
	0	9	6	9	1	1	1	0	//셀러멘더검											
	0	5	6	9	1	1	1	0	//블레이드											
	0	11	6	9	1	1	1	0	//전설의검											
	1	3	6	9	1	1	1	0	//토마호크											
	4	9	6	9	1	1	1	0	//황금석궁											
	4	11	6	9	1	1	1	0	//빛의석궁											
	4	4	6	9	1	1	1	0	//타이거보우											
	4	12	6	9	1	1	1	0	//서팬트석궁											
	5	1	6	9	1	1	1	0	//천사지팡이											
	5	2	6	9	1	1	1	0	//독사지팡이											
	5	3	6	9	1	1	1	0	//번개지팡이											
	5	14	6	9	1	1	1	0	//미스테리스틱											
end																				
//획득확률 : 700/10000																				
700																				
	6	9	6	9	1	1	1	0	//철판방패											
	6	11	6	9	1	1	1	0	//서펜트방패											
	6	3	6	9	1	1	1	0	//요정방패											
	6	6	6	9	1	1	1	0	//해골방패											
	6	5	6	9	1	1	1	0	//드래곤슬레이어방패											
end																				
//획득확률 : 500/10000																				
500																				
	14	19	1	2	0	0	0	0	//데빌스퀘어초대장											
	13	18	1	3	0	0	0	0	//투명망토											
end																				
end																				
