// Text Ver. 0.0.0.5																				
// Version 1.04  - T서버																				
// Version 1.04  - M서버																				
// 최종 작업자 - 김서영																				
// 최종 작업일 - 2008-02-28  10:00:03 AM																				
// 내용: 08년 화이트데이이벤트(eventitembag28) 국내버전 리뉴얼																				
																				
//드롭가능맵 설정																				
0																				
//	MapIndex	Drop Flag	Min Monster Level	Max MonsterLevel																
	0	0	0	1000	//로랜시아															
	1	0	0	1000	//던전															
	2	0	0	1000	//데비아스															
	3	0	0	1000	//노리아															
	4	0	0	1000	//로스트타워															
	5	0	0	1000	//빈공간															
	6	0	0	1000	//경기장(배틀사커)															
	7	0	0	1000	//아틀란스															
	8	0	0	1000	//타르칸															
	9	0	0	1000	//악마의광장															
	10	0	0	1000	//이카루스															
end																				
																				
//드롭젠 및 아이템드롭 확률																				
//이벤트아이템 드롭 확률은 EventItemDropRate/1000																				
//아이템드롭 확률은 ItemDropRate/100. ExItemDropRate/1000																				
1																				
//	EventName	DropZen	EventItemType	EventItemIndex	EventItemLevel	EventItemDropRate	ItemDropRate	ExItemDropRate												
	"W_Orange"	60000	0	0	0	0	100	1												
end																				
																				
//skill. luck. addtoption 의 값이 1이면 랜덤으로 적용. 0이면 적용안함 																				
2																				
//	type	index	minLevel	maxLevel	skill	luck	addoption	exitemflag												
//2007년 2월 13일 ~ 2월 20일																				
//일반 무기류																				
	0	13	6	9	1	1	1	0	//더블블레이드											
	0	14	6	9	1	1	1	0	//번개검											
	0	12	6	9	1	1	1	0	//태양검											
	1	8	6	9	1	1	1	0	//반월도끼											
	2	4	6	9	1	1	1	0	//크리스탈모닝스타											
	3	9	6	9	1	1	1	0	//발록의낫											
	4	5	6	9	1	1	1	0	//실버보우											
	4	13	6	9	1	1	1	0	//블루윙석궁											
	5	5	6	9	1	1	1	0	//전설의지팡이											
	5	6	6	9	1	1	1	0	//부활의 지팡이											
	2	9	6	9	1	1	1	0	//마스터셉터											
	2	5	6	9	1	1	1	0	//크리스탈검											
	4	14	6	9	1	1	1	0	//아쿠아골드석궁											
	2	10	6	9	1	1	1	0	//그레이트셉터											
//일반 방어구류																				
	7	34	6	9	0	1	1	0	//애쉬크로우헬멧											
	8	34	6	9	0	1	1	0	//애쉬크로우갑옷											
	9	34	6	9	0	1	1	0	//애쉬크로우바지											
	10	34	6	9	0	1	1	0	//애쉬크로우장갑											
	11	34	6	9	0	1	1	0	//애쉬크로우부츠											
	7	35	6	9	0	1	1	0	//이클립스헬멧											
	8	35	6	9	0	1	1	0	//이클립스갑옷											
	9	35	6	9	0	1	1	0	//이클립스바지											
	10	35	6	9	0	1	1	0	//이클립스장갑											
	11	35	6	9	0	1	1	0	//이클립스부츠											
	7	36	6	9	0	1	1	0	//아이리스헬멧											
	8	36	6	9	0	1	1	0	//아이리스갑옷											
	9	36	6	9	0	1	1	0	//아이리스바지											
	10	36	6	9	0	1	1	0	//아이리스장갑											
	11	36	6	9	0	1	1	0	//아이리스부츠											
	7	26	6	9	0	1	1	0	//다크소울마스크											
	8	26	6	9	0	1	1	0	//다크소울갑옷											
	9	26	6	9	0	1	1	0	//다크소울바지											
	10	26	6	9	0	1	1	0	//다크소울장갑											
	11	26	6	9	0	1	1	0	//다크소울부츠											
	8	15	6	9	0	1	1	0	//아틀란스갑옷											
	9	15	6	9	0	1	1	0	//아틀란스바지											
	10	15	6	9	0	1	1	0	//아틀란스장갑											
	11	15	6	9	0	1	1	0	//아틀란스부츠											
	7	16	6	8	0	1	1	0	//블랙드라곤투구											
	8	16	6	8	0	1	1	0	//블랙드라곤갑옷											
	9	16	6	8	0	1	1	0	//블랙드라곤바지											
	10	16	6	8	0	1	1	0	//블랙드라곤장갑											
	11	16	6	8	0	1	1	0	//블랙드라곤부츠											
	7	18	6	8	0	1	1	0	//그랜드소울헬멧											
	8	18	6	8	0	1	1	0	//그랜드소울갑옷											
	9	18	6	8	0	1	1	0	//그랜드소울바지											
	10	18	6	8	0	1	1	0	//그랜드소울장갑											
	11	18	6	8	0	1	1	0	//그랜드소울부츠											
	7	19	6	8	0	1	1	0	//홀리스프릿헬멧											
	8	19	6	8	0	1	1	0	//홀리스프릿갑옷											
	9	19	6	8	0	1	1	0	//홀리스프릿바지											
	10	19	6	8	0	1	1	0	//홀리스프릿장갑											
	11	19	6	8	0	1	1	0	//홀리스프릿부츠											
	8	20	6	8	0	1	1	0	//선더호크갑옷											
	9	20	6	8	0	1	1	0	//선더호크바지											
	10	20	6	8	0	1	1	0	//선더호크장갑											
	11	20	6	8	0	1	1	0	//선더호크부츠											
	7	1	6	9	0	1	1	0	//드라곤투구											
	8	1	6	9	0	1	1	0	//드라곤갑옷											
	9	1	6	9	0	1	1	0	//드라곤바지											
	10	1	6	9	0	1	1	0	//드라곤장갑											
	11	1	6	9	0	1	1	0	//드라곤부츠											
	7	14	6	9	0	1	1	0	//수호헬멧											
	8	14	6	9	0	1	1	0	//수호갑옷											
	9	14	6	9	0	1	1	0	//수호바지											
	10	14	6	9	0	1	1	0	//수호장갑											
	11	14	6	9	0	1	1	0	//수호부츠											
	7	3	6	9	0	1	1	0	//전설의헬멧											
	8	3	6	9	0	1	1	0	//전설의갑옷											
	9	3	6	9	0	1	1	0	//전설의바지											
	10	3	6	9	0	1	1	0	//전설의장갑											
	11	3	6	9	0	1	1	0	//전설의부츠											
//일반 방패류																				
	6	12	6	9	1	1	1	0	//브론즈방패											
	6	11	6	9	1	1	1	0	//서펜트방패											
	6	13	6	9	1	1	1	0	//드라곤방패											
	6	14	6	9	1	1	1	0	//전설의방패											
//엑설런트 무기류																				
	0	13	0	0	1	1	1	1	//더블블레이드											
	0	14	0	0	1	1	1	1	//번개검											
	5	2	0	0	1	1	1	1	//거대한검											
	1	8	0	0	1	1	1	1	//반월도끼											
	2	3	0	0	1	1	1	1	//그레이트해머											
	2	4	0	0	1	1	1	1	//크리스탈모닝스타											
	3	8	0	0	1	1	1	1	//그레이트사이드											
	4	4	0	0	1	1	1	1	//타이거보우											
	4	12	0	0	1	1	1	1	//서팬트석궁											
	4	13	0	0	1	1	1	1	//블루윙석궁											
	5	3	0	0	1	1	1	1	//번개지팡이											
	5	6	0	0	1	1	1	1	//부활의 지팡이											
	2	8	0	0	1	1	1	1	//배틀셉터											
	2	9	0	0	1	1	1	1	//마스터셉터											
//엑설런트 방어구류																				
	7	1	0	0	0	1	1	1	//드라곤투구											
	8	1	0	0	0	1	1	1	//드라곤갑옷											
	9	1	0	0	0	1	1	1	//드라곤바지											
	10	1	0	0	0	1	1	1	//드라곤장갑											
	11	1	0	0	0	1	1	1	//드라곤부츠											
	7	14	0	0	0	1	1	1	//수호헬멧											
	8	14	0	0	0	1	1	1	//수호갑옷											
	9	14	0	0	0	1	1	1	//수호바지											
	10	14	0	0	0	1	1	1	//수호장갑											
	11	14	0	0	0	1	1	1	//수호부츠											
	7	3	0	0	0	1	1	1	//전설의헬멧											
	8	3	0	0	0	1	1	1	//전설의갑옷											
	9	3	0	0	0	1	1	1	//전설의바지											
	10	3	0	0	0	1	1	1	//전설의장갑											
	11	3	0	0	0	1	1	1	//전설의부츠											
	7	25	0	0	0	1	1	1	//라운드마스크											
	8	25	0	0	0	1	1	1	//라운드갑옷											
	9	25	0	0	0	1	1	1	//라운드바지											
	10	25	0	0	0	1	1	1	//라운드장갑											
	11	25	0	0	0	1	1	1	//라운드부츠											
	7	9	0	0	0	1	1	1	//철판헬멧											
	8	9	0	0	0	1	1	1	//철판갑옷											
	9	9	0	0	0	1	1	1	//철판바지											
	10	9	0	0	0	1	1	1	//철판장갑											
	11	9	0	0	0	1	1	1	//철판부츠											
	7	26	0	0	0	1	1	1	//다크소울마스크											
	8	26	0	0	0	1	1	1	//다크소울갑옷											
	9	26	0	0	0	1	1	1	//다크소울바지											
	10	26	0	0	0	1	1	1	//다크소울장갑											
	11	26	0	0	0	1	1	1	//다크소울부츠											
//엑설런트 방패류																				
	6	12	0	0	1	0	0	1	//브론즈방패											
	6	11	0	0	1	0	0	1	//서펜트방패											
	6	13	0	0	1	0	0	1	//드라곤방패											
	6	14	0	0	1	0	0	1	//전설의방패											
//엑설런트 액세서리류																				
	13	8	0	0	0	0	0	1	//얼음의반지											
	13	9	0	0	0	0	0	1	//독의반지											
	13	12	0	0	0	0	0	1	//번개의목걸이											
	13	13	0	0	0	0	0	1	//불의목걸이											
//보석류																				
	12	15	0	0	0	0	0	0	//혼돈의보석											
//	14	13	0	0	0	0	0	0	//축복의보석											
	14	14	0	0	0	0	0	0	//영혼의보석											
	14	16	0	0	0	0	0	0	//생명의보석											
end																				
