; Type		= Item type
; Index		= Item Index
; Map		= -1 (Drop in all map) / specific map number
; MobID		= -1 Disregard monster ID / specific monster ID
; MobMin	= -1 Disregard monster level / specific monster minimum level
; MobMax	= if Mobin is greater than 0 value then MobMax value should be more than or equal MobMin value
; IMinLvl	= Item minimum level
; IMaxLvl	= Item max level (max value in this version is 13)
; ISkill	= 0 / 1 - Item can have skill or no (random)
; ILuck		= 0 / 1 - Item can have luck or no (random)
; IOpt		= 0 - 7 (Item option: 1 = +4, 7 = +28) Max option item can have
; IDur		= Item durability
; IExc		= 0 - 6 Maximum excellent options an item can have
; IAnc		= Item can be ancient
; Rate		= 1 - 100 Item drop rate
; Quest		= 1 to 5 - drop only during quest stages (1 scroll..5 third quest items) / -1 to drop item regardless of quest stages 
; NOTE: Drop rule is from left to right (Type -> DropRate), let say you set an item to drop in Yeti monster and map devias and when 
;	you added Yeti in other map then MobID option will be disregarded.
/---------------------------------------------------------------------------------------------------------------------------------------/
| 	Type	Index	Map	MobID	MobMin	MobMax	IMinLvl	IMaxLvl	ISkill	ILuck	IOpt	IDur	IExc	IAnc	Rate	Quest   |
/---------------------------------------------------------------------------------------------------------------------------------------/
// steel of heaven
// boss
	14	342	-1	275	-1	200	0	0	0	0	0	0	0	0	100	-1 // kundun					
	14	342	-1	295	-1	200	0	0	0	0	0	0	0	0	50	-1 // erohim					
	14	342	-1	459	-1	200	0	0	0	0	0	0	0	0	70	-1 // selupan					
	14	342	-1	561	-1	200	0	0	0	0	0	0	0	0	80	-1 // medusa
// colosus					
	14	342	-1	655	-1	200	0	0	0	0	0	0	0	0	50	-1 // colosus erohim					
	14	342	-1	656	-1	200	0	0	0	0	0	0	0	0	60	-1 // colosus HellMaine					
	14	342	-1	657	-1	200	0	0	0	0	0	0	0	0	100	-1 // colosus kundun
// new goldens					
	14	342	-1	497	-1	200	0	0	0	0	0	0	0	0	10	-1 // Golden Satyrus					
	14	342	-1	498	-1	200	0	0	0	0	0	0	0	0	10	-1 // Golden Twin Tale					
	14	342	-1	499	-1	200	0	0	0	0	0	0	0	0	10	-1 // Golden Iron Knight					
	14	342	-1	500	-1	200	0	0	0	0	0	0	0	0	10	-1 // Golden Napin					
	14	342	-1	501	-1	200	0	0	0	0	0	0	0	0	10	-1 // Golden Great Dragon
// vulcanus
	14	342	-1	488	-1	200	0	0	0	0	0	0	0	0	2	-1
	14	342	-1	489	-1	200	0	0	0	0	0	0	0	0	2	-1
	14	342	-1	490	-1	200	0	0	0	0	0	0	0	0	2	-1
	14	342	-1	491	-1	200	0	0	0	0	0	0	0	0	2	-1
// rena			
//	14	21	-1	-1	1	200	0	0	0	0	0	0	0	0	15	-1
// jewels
	12	15	-1	-1	12	47	0	0	0	0	0	0	0	0	8	-1					
	14	13	-1	-1	25	70	0	0	0	0	0	0	0	0	4	-1			
	14	14	-1	-1	30	76	0	0	0	0	0	0	0	0	6	-1			
	14	16	-1	-1	72	93	0	0	0	0	0	0	0	0	5	-1
	14	22	-1	-1	78	107	0	0	0	0	0	0	0	0	5	-1
	12	15	-1	-1	48	107	0	0	0	0	0	0	0	0	6	-1					
	14	13	-1	-1	71	130	0	0	0	0	0	0	0	0	2	-1			
	14	14	-1	-1	77	136	0	0	0	0	0	0	0	0	4	-1			
	14	16	-1	-1	94	153	0	0	0	0	0	0	0	0	3	-1
	14	22	-1	-1	108	167	0	0	0	0	0	0	0	0	3	-1
//
//	14	141	-1	-1	22	93	0	0	0	0	0	0	0	0	10	-1
// gm box
	14	52	-1	-1	12	47	1	1	0	0	0	0	0	0	10	-1
	14	52	-1	-1	30	76	2	2	0	0	0	0	0	0	10	-1
	14	52	-1	-1	72	93	3	3	0	0	0	0	0	0	10	-1
//	14	55	-1	-1	5	25	0	0	0	0	0	0	0	0	10	-1
//	14	56	-1	-1	22	68	0	0	0	0	0	0	0	0	9	-1
//	14	57	-1	-1	60	110	0	0	0	0	0	0	0	0	8	-1
// gemstone
//	14	41	-1	-1	75	200	0	0	0	0	0	0	0	0	3	-1
// vulcanus
// silver and golden box
//	14	113	63	-1	100	120	0	0	0	0	0	0	0	0	5	-1
//	14	121	63	-1	134	140	0	0	0	0	0	0	0	0	5	-1
//	14	112	63	-1	95	115	0	0	0	0	0	0	0	0	5	-1
//	14	122	63	-1	116	133	0	0	0	0	0	0	0	0	5	-1
//	12	15	63	-1	90	100	0	0	0	0	0	0	0	0	11	-1					
//	14	13	63	-1	101	115	0	0	0	0	0	0	0	0	7	-1			
//	14	14	63	-1	116	130	0	0	0	0	0	0	0	0	7	-1			
//	14	16	63	-1	120	150	0	0	0	0	0	0	0	0	5	-1
//	14	22	63	-1	120	150	0	0	0	0	0	0	0	0	11	-1
// 220 ORBS
	12	44	63	-1	-1	200	0	0	0	0	0	0	0	0	10	-1
	12	45	63	-1	-1	200	0	0	0	0	0	0	0	0	10	-1
	12	46	63	-1	-1	200	0	0	0	0	0	0	0	0	10	-1
	12	47	63	-1	-1	200	0	0	0	0	0	0	0	0	10	-1
	12	48	63	-1	-1	200	0	0	0	0	0	0	0	0	10	-1
	15	28	63	-1	-1	200	0	0	0	0	0	0	0	0	10	-1
	15	29	63	-1	-1	200	0	0	0	0	0	0	0	0	10	-1
// rena			
//	14	21	-1	-1	1	200	0	0	0	0	0	0	0	0	10	-1
// moonstone ring
//	13	38	37	-1	95	200	0	0	0	0	0	0	0	0	7	-1
// dungeon event
	14	51	-1	-1	25	200	0	0	0	0	0	0	0	0	30	-1
// dungeon event
//	14	101	-1	-1	32	200	0	0	0	0	0	0	0	0	8	-1
//	14	110	-1	-1	32	200	0	0	0	0	0	0	0	0	4	-1
// rf scrolls
	15	30	-1	-1	70	200	0	0	0	0	0	0	0	0	5	-1
	15	31	-1	-1	80	200	0	0	0	0	0	0	0	0	5	-1
	15	32	-1	-1	70	200	0	0	0	0	0	0	0	0	5	-1
	15	33	-1	-1	90	200	0	0	0	0	0	0	0	0	5	-1
	15	34	-1	-1	80	200	0	0	0	0	0	0	0	0	5	-1
	15	35	-1	-1	50	200	0	0	0	0	0	0	0	0	5	-1
	15	36	-1	-1	40	200	0	0	0	0	0	0	0	0	5	-1
// ex7 2.5 wings
//	14	176	-1	55	-1	-1	0	0	0	0	0	0	0	0	2				
	14	177	-1	309	-1	-1	0	0	0	0	0	0	0	0	10				
	14	178	-1	77	-1	-1	0	0	0	0	0	0	0	0	10				
	14	179	-1	63	-1	-1	0	0	0	0	0	0	0	0	10				
// ex7 new socket weapon ingredients
	14	180	-1	454	-1	-1	0	0	0	0	0	0	0	0	30				
	14	181	-1	455	-1	-1	0	0	0	0	0	0	0	0	30				
	14	182	-1	456	-1	-1	0	0	0	0	0	0	0	0	30				
	14	183	-1	457	-1	-1	0	0	0	0	0	0	0	0	30				
	14	184	-1	458	-1	-1	0	0	0	0	0	0	0	0	30				
	14	185	-1	562	-1	-1	0	0	0	0	0	0	0	0	30				
	14	186	-1	563	-1	-1	0	0	0	0	0	0	0	0	30				
	14	187	-1	564	-1	-1	0	0	0	0	0	0	0	0	30				
	14	188	-1	565	-1	-1	0	0	0	0	0	0	0	0	30				
	14	191	-1	565	-1	-1	0	0	0	0	0	0	0	0	20				
	14	192	-1	562	-1	-1	0	0	0	0	0	0	0	0	20				
	14	193	-1	565	-1	-1	0	0	0	0	0	0	0	0	20				
	14	194	-1	562	-1	-1	0	0	0	0	0	0	0	0	20				
	14	195	-1	563	-1	-1	0	0	0	0	0	0	0	0	20				
	14	196	-1	562	-1	-1	0	0	0	0	0	0	0	0	20				
	14	197	-1	564	-1	-1	0	0	0	0	0	0	0	0	20				
	14	198	-1	562	-1	-1	0	0	0	0	0	0	0	0	20				
	14	199	-1	563	-1	-1	0	0	0	0	0	0	0	0	20				
	14	200	-1	565	-1	-1	0	0	0	0	0	0	0	0	20				
	14	201	-1	564	-1	-1	0	0	0	0	0	0	0	0	20				
	14	202	-1	562	-1	-1	0	0	0	0	0	0	0	0	20
//				
	14	342	63	-1	120	137	0	0	0	0	0	0	0	0	2	-1						
// spirit map fragment
	13	145	63	-1	10	200	0	0	0	0	0	0	0	0	10	-1						
	12	271	-1	-1	53	79	0	0	0	0	0	0	0	0	10	-1
	12	272	-1	-1	74	95	0	0	0	0	0	0	0	0	10	-1
	12	273	-1	-1	80	100	0	0	0	0	0	0	0	0	10	-1
	12	274	-1	-1	58	85	0	0	0	0	0	0	0	0	10	-1
	12	275	-1	-1	92	120	0	0	0	0	0	0	0	0	10	-1
	12	276	-1	-1	66	90	0	0	0	0	0	0	0	0	10	-1
	12	277	-1	-1	92	120	0	0	0	0	0	0	0	0	10	-1
	12	215	-1	-1	1	22	0	0	0	0	0	0	0	0	10	-1
