//############################################
// POWERED BY MU ENGINE                                    //
//                    WWW.MUENGINE.ORG                      //
//###########################################

//[Lorencia] Hanzo The Blacksmith									
//Type	Index	Level	Dur	Skill	Luck	Option			
								
6	0	0	0	1	1	1 	//원형방패		
6	4	1	0	1	1	1 	//버클러		
6	1	2	0	1	1	1 	//뿔방패		
6	2	3	0	1	1	1 	//카이트방패		
6	6	3	0	1	1	1 	//해골방패		
6	10	3	0	1	1	1 	//큰원형방패		
6	9	3	0	1	1	1 	//철판방패		
6	7	3	0	1	1	1 	//스파이크방패		
6	5	3	0	1	1	1 	//드래곤슬레이어방패		
6	8	3	0	1	1	1 	//타워방패		
6	11	3	0	1	1	1 	//서펜트방패		
6	12	3	0	1	1	1 	//브론즈방패		
// 일반 무기류									
0	1	0	0	1	1	1 	//짧은검		
1	1	1	0	1	1	1 	//손도끼		
2	0	2	0	1	1	1 	//전곤		
0	2	2	0	1	1	1 	//레이피어		
1	2	2	0	1	1	1 	//양날도끼		
0	4	3	0	1	1	1 	//자객검		
2	1	3	0	1	1	1 	//모닝스타		
1	3	3	0	1	1	1 	//토마호크		
0	0	2	0	1	1	1 	//크리스		
0	6	3	0	1	1	1 	//그라디우스		
0	7	3	0	1	1	1 	//펄션		
0	8	3	0	1	1	1 	//서펜트볼그		
0	5	3	0	1	1	1 	//블레이드
3	13	3	0	1	1	1 	//블레이드
3	14	3	0	1	1	1 	//블레이드		
end