//############################################
// POWERED BY MU ENGINE                                    //
//                    WWW.MUENGINE.ORG                      //
//###########################################

//[Devias] Zienna Weapons Merchant
//Type	Index	Level	Dur	Skill	Luck	Option		
							
7	1	3	0	0	1	1 	//드라곤투구
8	1	3	0	0	1	1 	//드라곤갑옷
9	1	3	0	0	1	1 	//드라곤바지
//10	1	3	0	0	1	1 	//드라곤장갑
//11	1	3	0	0	1	1 	//드라곤부츠
// 일반 무기류							
0	9	3	0	1	1	1 	//셀러멘더검
0	11	3	0	1	1	1 	//전설의검
0	15	3	0	1	1	1 	//거대한검
0	13	3	0	1	1	1 	//더블블레이드
0	12	3	0	1	1	1 	//태양검
0	14	3	0	1	1	1 	//번개검
4	12	3	0	1	1	1 	//서팬트석궁
3	8	3	0	1	1	1 	//그레이트사이드
3	9	3	0	1	1	1 	//발록의낫
4	5	3	0	1	1	1 	//실버보우
4	13	3	0	1	1	1 	//블루윙석궁
//
2	29	3	0	1	1	1 	//블루윙석궁
end						
