//id	rate	name	level	min_life	max_magic	min_dmg	max_dmg	def	magic_def	atk_speed	def_rate	move_range	atk_type	atk_range	view_range	move_rate	atk_rate	regen	attr	item_rate	money_rate	i_max_lvl	mob_skills	resist1	resist2	resist3	resist4	e_char	e_mode	e_def	e_min_dmg	e_max_dmg	e_atk_rate	e_def_rate
0	1	"牛怪"	6	100	0	16	20	6	0	28	6	3	0	1	5	400	1600	10	2	130	20	6	0	0	0	0	0	0	0	4	0	0	0	0
1	1	"猎犬怪"	9	140	0	22	27	9	0	39	9	3	0	1	5	400	1600	10	2	130	20	6	0	0	0	0	0	0	0	6	0	0	0	0
2	1	"幼龙"	4	60	0	10	13	3	0	18	3	3	0	1	4	400	2000	10	2	120	20	6	0	0	0	0	0	0	0	2	0	0	0	0
3	1	"蜘蛛"	2	30	0	4	7	1	0	8	1	2	0	1	5	400	1800	10	2	120	20	6	0	0	0	0	0	0	0	0	0	0	0	0
4	1	"蛮牛怪"	12	190	0	31	36	12	0	50	12	3	0	1	4	400	1400	10	2	140	24	6	0	0	0	0	0	0	0	9	0	0	0	0
5	1	"地狱猎犬怪"	38	1400	0	125	130	55	0	190	45	3	0	1	4	400	1200	10	2	190	28	6	0	1	1	1	3	0	0	41	0	0	0	0
6	1	"黑巫师"	14	255	0	41	46	14	0	62	14	3	2	4	7	400	2000	10	2	150	24	6	0	0	0	0	1	0	0	10	0	0	0	0
7	1	"巨人"	17	400	0	57	62	18	0	80	18	2	0	2	3	400	2200	10	2	150	24	6	0	0	0	0	0	0	0	13	0	0	0	0
8	1	"毒牛怪"	46	2500	0	145	150	75	0	230	61	3	1	1	5	400	1400	10	2	190	46	3	0	6	2	2	2	0	0	56	0	0	0	0
9	1	"死灵巫师"	44	2000	0	140	145	70	0	220	55	3	3	4	7	400	2200	10	2	190	28	3	0	2	2	3	2	0	0	52	0	0	0	0
10	1	"暗黑骑士"	48	3000	0	150	155	80	0	240	70	3	0	1	5	400	1400	10	2	200	28	3	0	3	3	3	5	0	0	60	0	0	0	0
11	1	"幽灵"	32	1000	0	110	115	40	0	160	39	3	0	1	5	400	1400	10	2	190	46	6	0	2	2	2	2	0	0	30	0	0	0	0
12	1	"毒虫"	25	750	0	90	95	31	0	125	31	3	1	1	4	400	1800	10	2	200	28	6	0	2	0	0	0	0	0	23	0	0	0	0
13	1	"地狱蜘蛛"	40	1600	0	130	135	60	0	200	47	3	11	4	7	400	1600	10	2	190	28	6	0	3	1	1	1	0	0	45	0	0	0	0
14	1	"骷髅兵"	19	525	0	68	74	22	0	93	22	2	0	1	4	400	1400	10	2	160	24	6	0	0	0	0	0	0	0	16	0	0	0	0
15	1	"骷髅弓箭手"	34	1100	0	115	120	45	0	170	41	2	0	5	7	400	2000	10	2	190	28	6	0	1	1	1	1	0	0	33	0	0	0	0
16	1	"骷髅战士"	42	1800	0	135	140	65	0	210	49	2	0	1	4	400	1600	10	2	190	28	4	0	1	1	1	1	0	0	48	0	0	0	0
17	1	"独眼巨人"	28	850	0	100	105	35	0	140	35	3	0	1	4	400	1600	10	2	170	28	6	0	2	0	0	0	0	0	26	0	0	0	0
18	1	"魔鬼戈登"	55	6000	0	165	175	100	0	275	82	3	0	1	7	400	1600	150	2	160	28	3	0	6	6	6	6	0	0	75	0	0	0	0
19	1	"雪人"	30	900	0	105	110	37	0	150	37	2	17	4	6	400	2000	10	2	180	28	6	0	0	3	0	0	0	0	27	0	0	0	0
20	1	"雪人王"	36	1200	0	120	125	50	0	180	43	3	0	1	6	400	1400	10	2	180	46	6	0	1	4	1	1	0	0	37	0	0	0	0
21	1	"暗杀者"	26	800	0	95	100	33	0	130	33	2	0	1	7	400	2000	10	2	180	28	6	0	0	0	0	0	0	0	24	0	0	0	0
22	1	"寒冰魔"	22	650	0	80	85	27	0	110	27	2	7	1	5	400	2000	10	2	170	28	6	0	0	3	0	0	0	0	20	0	0	0	0
23	1	"蓝魔怪"	24	700	0	85	90	29	0	120	29	3	0	1	5	400	1600	10	2	170	28	6	0	0	3	0	0	0	0	21	0	0	0	0
24	1	"雪虫"	20	600	0	75	80	25	0	100	25	3	0	1	4	400	1600	10	2	160	28	6	0	0	2	0	0	0	0	18	0	0	0	0
25	1	"冰后"	52	4000	0	155	165	90	0	260	76	3	11	4	7	400	1400	50	2	180	28	3	0	4	5	4	4	0	0	67	0	0	0	0
26	1	"小哥布林"	3	45	0	7	10	2	0	13	2	2	0	1	4	400	1800	10	2	120	20	6	0	0	0	0	0	0	0	1	0	0	0	0
27	1	"勾尾蝎"	5	80	0	13	17	4	0	23	4	3	0	1	4	400	1800	10	2	120	20	6	0	0	0	0	0	0	0	3	0	0	0	0
28	1	"瓢虫怪"	10	165	0	26	31	10	0	44	10	3	0	1	5	400	1600	10	2	140	20	6	0	0	0	0	0	0	0	7	0	0	0	0
29	1	"偷猎者"	13	220	0	36	41	13	0	56	13	3	0	4	4	400	1600	10	2	140	24	6	0	0	0	0	0	0	0	9	0	0	0	0
30	1	"树妖"	15	295	0	46	51	15	0	68	15	3	0	1	4	400	1600	10	2	150	24	6	0	0	0	0	0	0	0	11	0	0	0	0
31	1	"亚昆"	16	340	0	51	57	16	0	74	16	2	0	1	4	400	1400	10	2	150	24	6	0	0	0	0	0	0	0	12	0	0	0	0
32	1	"石巨人"	18	465	0	62	68	20	0	86	20	2	0	2	3	400	2200	10	2	160	24	6	0	0	0	0	0	0	0	15	0	0	0	0
33	1	"大哥布林"	8	120	0	19	23	8	0	33	8	3	0	1	5	400	1600	10	2	130	20	6	0	0	0	0	0	0	0	6	0	0	0	0
34	1	"诅咒巫师"	54	4000	0	160	170	95	0	270	80	3	2	4	7	400	2000	10	2	200	46	3	0	5	5	7	7	0	0	71	0	0	0	0
35	1	"死神戈登"	64	6000	0	200	210	130	0	320	94	3	150	1	7	400	2000	10	2	180	46	3	0	6	6	6	8	0	0	97	0	0	0	0
36	1	"鬼魅"	47	2800	0	148	153	78	0	235	67	3	0	1	5	400	1400	10	2	200	28	3	0	3	3	3	5	0	0	58	0	0	0	0
37	1	"恶魔"	60	5000	0	180	195	115	0	300	88	3	3	4	7	400	2000	10	2	200	46	3	0	5	5	5	7	0	0	86	0	0	0	0
38	1	"魔王巴洛克"	66	9000	0	220	240	160	0	330	99	3	150	2	7	400	1600	150	2	160	46	3	0	10	10	10	15	0	0	120	0	0	0	0
39	1	"剧毒鬼魅"	50	3500	0	155	160	85	0	250	73	3	1	1	5	400	1400	10	2	200	46	3	0	6	4	4	6	0	0	63	0	0	0	0
40	1	"死神骑士"	62	5500	0	190	200	120	0	310	91	3	0	1	7	400	1800	10	2	200	46	3	0	6	6	6	7	0	0	90	0	0	0	0
41	1	"牛魔王"	57	4500	0	170	180	110	0	285	85	3	0	1	7	400	1600	10	2	200	46	3	0	5	5	5	7	0	0	82	0	0	0	0
42	1	"大火龙王"	47	5000	0	300	350	230	0	200	80	3	150	5	7	800	2000	28800	2	100	0	4	0	100	254	100	100	0	0	172	0	0	0	0
43	1	"黄金幼龙"	15	2200	0	120	125	45	0	75	30	3	0	1	7	400	1400	600	2	10	20	0	0	2	2	2	2	0	0	33	0	0	0	0
44	1	"小火龙王"	60	15000	0	190	210	120	0	300	88	3	150	2	7	400	1800	100	2	50	20	0	0	9	7	9	9	0	0	90	0	0	0	0
45	1	"小巴哈姆特"	43	2400	0	130	140	65	0	215	52	2	0	1	4	400	1600	8	2	185	28	3	0	1	1	1	1	0	0	48	0	0	0	0
46	1	"死亡美人鱼"	45	2800	0	135	145	70	0	225	58	3	17	4	7	400	1600	8	2	185	28	3	0	2	2	3	2	0	0	52	0	0	0	0
47	1	"蓝翼海怪"	46	3200	0	140	150	75	0	230	64	3	0	5	7	400	1800	8	2	185	28	3	0	6	2	2	2	0	0	56	0	0	0	0
48	1	"巫师王"	70	9000	0	240	270	180	0	350	115	3	3	3	7	400	1600	15	2	175	46	3	0	7	7	7	7	0	0	135	0	0	0	0
49	1	"海魔希特拉"	74	19000	0	250	310	200	0	430	125	3	150	4	7	400	1400	150	2	175	46	3	0	12	12	12	12	0	0	150	0	0	0	0
50	1	"海虫"	10	19000	0	250	310	200	0	430	125	3	150	4	7	400	1400	150	2	175	46	3	0	12	12	12	12	0	0	150	0	0	0	0
51	1	"大巴哈姆特"	66	7000	0	210	230	150	0	330	98	3	0	2	7	400	1600	15	2	175	46	3	0	6	6	6	6	0	0	112	0	0	0	0
52	1	"银弓海怪"	68	8000	0	230	260	170	0	340	110	3	7	4	7	400	1600	15	2	175	46	3	0	7	7	7	7	0	0	127	0	0	0	0
53	1	"黄金泰坦"	53	8000	0	170	180	105	0	265	77	3	150	3	7	400	2000	20	2	200	28	3	0	5	5	5	5	0	0	78	0	0	0	0
54	1	"黄金斗士"	46	3500	0	140	150	75	0	230	64	3	0	5	7	400	1800	20	2	200	28	3	0	3	3	3	3	0	0	56	0	0	0	0
55	1	"骷髅王"	88	30000	0	430	500	120	0	150	37	2	0	2	6	400	1800	120	2	110	28	3	0	2	2	2	2	0	0	90	0	0	0	0
56	1	"强化骷髅兵"	24	700	0	85	90	29	0	120	29	3	0	1	5	400	1600	20	2	200	28	4	0	1	1	1	1	0	0	21	0	0	0	0
57	1	"铁轮战士"	80	17000	0	280	330	215	0	446	150	3	0	4	7	400	1400	10	2	160	100	3	0	9	9	9	9	0	0	161	0	0	0	0
58	1	"破坏骑士"	83	22000	0	335	385	250	0	500	175	3	150	2	7	400	1400	20	2	160	100	3	0	9	9	9	9	0	0	187	0	0	0	0
59	1	"魔王扎坎"	90	34000	0	510	590	400	0	550	185	3	150	5	7	400	1400	150	2	160	100	3	0	13	13	13	15	0	0	300	0	0	0	0
60	1	"巨齿兽"	76	13500	0	260	300	200	0	410	130	3	0	2	7	400	1400	10	2	170	100	3	0	8	8	8	8	0	0	150	0	0	0	0
61	1	"黑炎魔"	84	25000	0	375	425	275	0	530	190	3	17	4	7	400	1400	20	2	160	100	3	0	10	10	10	10	0	0	206	0	0	0	0
62	1	"铁脊怪"	72	10000	0	250	280	190	0	365	120	3	0	1	7	400	1400	10	2	170	100	3	0	8	8	8	8	0	0	142	0	0	0	0
63	1	"炽炎魔"	93	40000	0	590	650	420	0	575	220	3	150	5	7	400	1400	150	2	130	100	3	0	13	13	13	17	0	0	315	0	0	0	0
64	1	"假面弓手"	70	10000	0	220	250	170	0	350	115	3	0	4	7	400	1600	10	2	200	28	3	0	7	7	7	7	0	0	127	0	0	0	0
65	1	"假面武士"	74	14000	0	260	290	190	0	400	125	3	150	1	7	400	2000	100	2	180	28	3	0	8	8	8	8	0	0	142	0	0	0	0
66	1	"诅咒之王"	86	38000	0	500	570	350	0	525	200	3	150	4	7	400	1400	70	2	200	60	3	0	17	17	17	17	0	0	262	0	0	0	0
67	1	"金属巴洛克"	77	26000	0	300	360	220	0	385	150	3	150	2	7	400	1600	200	2	160	28	3	0	9	9	9	9	0	0	165	0	0	0	0
69	1	"阿卡摩斯"	75	11500	0	255	290	195	0	385	125	3	17	5	5	400	1400	10	2	160	46	3	0	9	9	11	9	0	0	146	0	0	0	0
70	1	"风后"	82	19000	0	305	350	230	0	475	160	3	17	3	5	400	1400	10	2	160	46	3	0	9	11	12	9	0	0	172	0	0	0	0
71	1	"恶灵"	78	15000	0	270	320	210	0	430	140	3	0	1	5	400	1400	10	2	160	46	3	0	9	9	12	9	0	0	157	0	0	0	0
72	1	"幻影骑士"	96	41000	0	560	610	425	0	690	270	3	150	2	5	400	1400	30	2	150	46	3	0	14	14	16	14	0	0	318	0	0	0	0
73	1	"蓝魔龙"	86	29000	0	425	480	305	0	570	210	3	150	5	5	400	1400	20	2	160	46	3	0	12	12	13	12	0	0	228	0	0	0	0
74	1	"恶灵王"	92	34500	0	489	540	360	0	620	240	3	0	1	5	400	1400	10	2	160	46	3	0	13	13	14	13	0	0	270	0	0	0	0
75	1	"红魔龙"	100	50000	0	650	700	495	0	800	305	3	150	5	5	400	1400	30	2	140	46	3	0	15	15	17	18	0	0	371	0	0	0	0
76	1	"凤凰黑暗盾"	10	73000	0	850	960	580	0	840	305	3	3	3	5	400	1400	10	2	190	28	3	0	30	30	35	30	0	0	435	0	0	0	0
77	1	"天魔菲尼斯"	108	95000	0	950	1000	600	0	900	350	1	150	6	7	400	1500	150	2	120	46	4	0	30	30	35	30	0	0	450	0	0	0	0
78	1	"黄金哥布林"	20	3100	0	125	130	50	0	100	30	3	0	1	7	400	1400	600	2	10	20	0	0	2	2	2	2	0	0	37	0	0	0	0
79	1	"黄金火龙王"	80	23000	0	300	350	230	0	400	90	3	150	2	7	400	1800	5	2	50	20	0	0	9	7	9	9	0	0	172	0	0	0	0
80	1	"黄金巫师王"	83	25000	0	310	360	240	0	415	150	3	3	3	7	400	1600	15	2	175	28	3	0	9	7	9	9	0	0	180	0	0	0	0
81	1	"黄金死亡美人鱼"	61	6300	0	190	200	110	0	310	90	3	17	4	7	400	1600	8	2	185	28	3	0	0	0	3	0	0	0	82	0	0	0	0
82	1	"黄金破坏骑士"	90	30000	0	450	560	300	0	450	185	3	150	2	7	400	1400	70	2	180	60	3	0	9	7	9	9	0	0	225	0	0	0	0
83	1	"黄金铁轮战士"	77	15000	0	320	360	230	0	385	160	3	0	4	7	400	1400	70	2	180	60	3	0	9	7	9	9	0	0	172	0	0	0	0

//喉矾靛某浇1-某腐磐饭骇(50 ~ 179)
//index rate name		Level	HP	MP	dmin	dmax	def	mdef	atkrate	sblock	mrange	atktype arange	vrange	mspeed	aspeed	regen	attr	i-rate	m-rate	maxILVL	skill	Ice	poison	Light	Fire attribute pattern attribute defense Monster Exp Level

84	1	"坷农傈荤1"	56	5000	0	160	180	110	110	300	85	3	0	1	3	400	2000	10	2	300	400	2	0	2	2	2	2	0	0	82	0	0	0	0
85	1	"坷农泵荐1"	61	6500	0	180	200	120	120	330	93	3	0	5	7	400	1600	10	2	300	400	2	0	2	2	2	2	0	0	90	0	0	0	0
86	1	"孺秦榜傈荤1"	66	8000	0	190	220	150	150	360	98	3	0	1	3	400	2000	10	2	250	300	2	0	2	2	2	2	0	0	112	0	0	0	0
87	1	"磊捞攫飘坷芭1"	70	9500	0	210	240	180	180	400	115	3	17	5	7	400	1600	10	2	250	300	2	0	2	2	2	2	0	0	135	0	0	0	0
88	1	"河篮秦榜扁荤1"	74	12000	0	220	260	190	190	440	130	3	0	1	3	400	2000	10	2	200	200	2	0	2	2	2	2	0	0	142	0	0	0	0
89	1	"付过秦榜1"	79	15000	0	230	280	240	240	500	180	4	150	4	6	400	1800	10	2	150	100	2	0	5	5	5	5	0	0	180	0	0	0	0
																															
//喉矾靛某浇2-某腐磐饭骇(180~269)																															
90	1	"坷农傈荤2"	64	7500	0	180	220	150	150	340	98	3	0	1	3	400	2000	10	2	300	400	2	0	4	4	4	4	0	0	112	0	0	0	0
91	1	"坷农泵荐2"	69	9500	0	200	240	170	170	380	110	3	0	5	7	400	1600	10	2	300	400	2	0	4	4	4	4	0	0	127	0	0	0	0
92	1	"孺秦榜傈荤2"	75	12000	0	220	260	190	190	440	130	3	0	1	3	400	2000	10	2	250	300	2	0	4	4	4	4	0	0	142	0	0	0	0
93	1	"磊捞攫飘坷芭2"	79	15000	0	250	290	210	210	500	150	3	17	5	7	400	1600	10	2	250	300	2	0	4	4	4	4	0	0	157	0	0	0	0
94	1	"河篮秦榜扁荤2"	82	18000	0	270	320	290	290	560	170	3	0	1	3	400	2000	10	2	200	200	2	0	4	4	4	4	0	0	217	0	0	0	0
95	1	"付过秦榜2"	84	24000	0	300	350	360	360	640	200	4	150	4	6	400	1800	10	2	150	100	2	0	7	7	7	7	0	0	270	0	0	0	0
																															
//喉矾靛某浇3-某腐磐饭骇(270~349)																															
96	1	"坷农傈荤3"	70	12000	0	210	270	185	185	380	125	3	0	1	3	400	2000	10	2	300	400	2	0	5	5	5	5	0	0	138	0	0	0	0
97	1	"坷农泵荐3"	75	15000	0	240	300	190	190	420	130	3	0	5	7	400	1600	10	2	300	400	2	0	5	5	5	5	0	0	142	0	0	0	0
98	1	"孺秦榜傈荤3"	80	19000	0	280	340	220	220	470	175	3	0	1	3	400	2000	10	2	250	300	2	0	5	5	5	5	0	0	165	0	0	0	0
99	1	"磊捞攫飘坷芭3"	85	23000	0	340	390	300	300	520	190	3	17	5	7	400	1600	10	2	250	300	2	0	5	5	5	5	0	0	225	0	0	0	0
111	1	"河篮秦榜扁荤3"	87	26000	0	370	410	400	400	650	200	3	0	1	3	400	2000	10	2	200	200	2	0	5	5	5	5	0	0	300	0	0	0	0
112	1	"付过秦榜3"	90	32000	0	400	460	450	450	720	260	4	150	4	6	400	1800	10	2	150	100	2	0	8	8	8	8	0	0	337	0	0	0	0
																															
//喉矾靛某浇4-某腐磐饭骇(350~399)																															
113	1	"坷农傈荤4"	76	17000	0	260	290	210	210	460	150	3	0	1	3	400	2000	10	2	300	400	2	0	6	6	6	6	0	0	157	0	0	0	0
114	1	"坷农泵荐4"	81	20000	0	320	350	270	270	520	160	3	0	5	7	400	1600	10	2	300	400	2	0	6	6	6	6	0	0	202	0	0	0	0
115	1	"孺秦榜傈荤4"	86	25000	0	390	420	360	360	580	195	3	0	1	3	400	2000	10	2	250	300	2	0	6	6	6	6	0	0	270	0	0	0	0
116	1	"磊捞攫飘坷芭4"	90	32000	0	440	500	400	400	660	230	3	17	5	7	400	1600	10	2	250	300	2	0	6	6	6	6	0	0	300	0	0	0	0
117	1	"河篮秦榜扁荤4"	94	38000	0	480	540	450	450	720	260	3	0	1	3	400	2000	10	2	200	200	2	0	6	6	6	6	0	0	337	0	0	0	0
118	1	"付过秦榜4"	99	47000	0	530	580	500	500	840	280	4	150	4	6	400	1800	10	2	150	100	2	0	9	9	9	9	0	0	375	0	0	0	0
																															
//喉矾靛某浇5-某腐磐饭骇(400~500)																															
119	1	"坷农傈荤5"	95	23000	0	340	390	340	340	520	190	3	0	1	3	400	2000	10	2	300	400	2	0	7	7	7	7	0	0	255	0	0	0	0
120	1	"坷农泵荐5"	97	26000	0	390	430	380	380	590	200	3	0	5	7	400	1600	10	2	300	400	2	0	7	7	7	7	0	0	285	0	0	0	0
121	1	"孺秦榜傈荤5"	100	32000	0	430	480	400	400	660	230	3	0	1	3	400	2000	10	2	250	300	2	0	7	7	7	7	0	0	300	0	0	0	0
122	1	"磊捞攫飘坷芭5"	107	37000	0	470	520	440	440	730	250	3	17	5	7	400	1600	10	2	250	300	2	0	7	7	7	7	0	0	330	0	0	0	0
123	1	"河篮秦榜扁荤5"	114	45000	0	510	560	490	490	800	270	3	0	1	3	400	2000	10	2	200	200	2	0	7	7	7	7	0	0	367	0	0	0	0
124	1	"付过秦榜5"	127	55000	0	560	600	550	550	870	310	4	150	4	6	400	1800	10	2	150	100	2	0	10	10	10	10	0	0	412	0	0	0	0
																															
//喉矾靛某浇6-某腐磐饭骇(501~650)																															
125	1	"坷农傈荤6"	110	50000	0	475	510	560	560	935	370	3	0	1	3	400	1600	10	2	300	400	2	0	8	8	8	8	0	0	420	0	0	0	0
126	1	"坷农泵荐6"	112	53000	0	530	556	590	590	950	380	3	0	5	7	400	1600	10	2	300	400	2	0	8	8	8	8	0	0	450	0	0	0	0
127	1	"孺秦榜傈荤6"	118	57000	0	560	581	610	610	710	300	3	0	1	3	400	2000	10	2	250	300	2	0	8	8	8	8	0	0	462	0	0	0	0
128	1	"磊捞攫飘坷芭6"	120	62000	0	580	599	615	615	780	310	3	17	5	7	400	1600	10	2	250	300	2	0	8	8	8	8	0	0	480	0	0	0	0
129	1	"河篮秦榜扁荤6"	127	70000	0	603	618	635	635	850	360	3	0	1	3	400	2000	10	2	200	200	2	0	8	8	8	8	0	0	510	0	0	0	0
130	1	"付过秦榜6"	135	80000	0	634	651	680	680	920	370	4	150	4	6	400	1800	10	2	150	100	2	0	11	11	11	11	0	0	598	0	0	0	0
																															
//喉矾靛某浇7-某腐磐饭骇(651~)																															
138	1	"坷农傈荤7"	114	173500	0	745	800	600	600	1250	426	3	0	1	3	400	1600	10	2	300	400	2	0	8	8	8	8	0	0	420	0	0	0	0
139	1	"坷农泵荐7"	117	175000	0	825	872	615	615	1300	440	3	0	5	7	400	1600	10	2	300	400	2	0	8	8	8	8	0	0	450	0	0	0	0
140	1	"孺秦榜傈荤7"	125	184000	0	890	915	622	622	1300	465	3	0	1	3	400	2000	10	2	250	300	2	0	8	8	8	8	0	0	462	0	0	0	0
141	1	"磊捞攫飘坷芭7"	129	208000	0	920	946	635	635	1450	510	3	17	5	7	400	1600	10	2	250	300	2	0	8	8	8	8	0	0	480	0	0	0	0
142	1	"河篮秦榜扁荤7"	132	208700	0	995	1120	648	648	1780	585	3	0	1	3	400	2000	10	2	200	200	2	0	8	8	8	8	0	0	510	0	0	0	0
143	1	"付过秦榜7"	140	215000	0	1500	1780	670	670	1950	750	4	150	4	6	400	1800	10	2	150	100	2	0	11	11	11	11	0	0	598	0	0	0	0

//
131	1	"血色城门"	2	2000	0	0	0	0	0	0	1	0	0	0	0	0	0	0	0	0	0	0	0	100	100	100	100	0	0	0	0	0	0	0
132	1	"水晶灵柩"	2	3000	0	0	0	0	0	0	1	0	0	0	0	0	0	0	0	0	0	0	0	100	100	100	100	0	0	0	0	0	0	0
133	1	"水晶灵柩"	2	3000	0	0	0	0	0	0	1	0	0	0	0	0	0	0	0	0	0	0	0	100	100	100	100	0	0	0	0	0	0	0
134	1	"水晶灵柩"	2	3000	0	0	0	0	0	0	1	0	0	0	0	0	0	0	0	0	0	0	0	100	100	100	100	0	0	0	0	0	0	0
135	1	"白色魔法师"	87	26000	0	370	410	400	0	550	200	4	3	5	6	400	2200	10	2	150	100	4	0	15	15	20	15	0	0	300	0	0	0	0
136	1	"毁灭武士"	70	9500	0	210	240	180	0	400	125	3	0	1	3	400	1500	10	2	300	400	3	0	7	7	7	7	0	0	135	0	0	0	0
137	1	"毁灭弓手"	74	12000	0	220	260	190	0	440	130	3	0	5	5	400	1800	10	2	300	400	3	0	8	8	8	8	0	0	142	0	0	0	0

//
100	1	"标枪"	80	1000	0	100	110	0	0	400	500	0	0	4	1	500	1000	3	1	200	20	0	0	0	0	0	0	0	0	0	0	0	0	0
101	1	"铁杆"	80	1000	0	110	130	0	0	400	500	0	0	0	1	500	1000	3	1	200	20	0	0	0	0	0	0	0	0	0	0	0	0	0
102	1	"火"	80	1000	0	130	150	0	0	400	500	0	0	2	1	500	1000	3	1	200	20	0	0	0	0	0	0	0	0	0	0	0	0	0
103	1	"E石"	90	1000	0	160	190	0	0	450	500	0	50	0	1	500	1000	3	1	200	20	0	0	0	0	0	0	0	0	0	0	0	0	0
104	1	"陷阱"	2	50	0	500	600	0	0	800	30	0	50	0	1	0	1000	0	0	0	0	0	0	0	0	0	0	0	0	0	0	0	0	0
105	1	"炮塔"	80	1000	0	200	203	0	0	400	500	0	0	4	2	500	1000	3	1	200	10	0	0	0	0	0	0	0	0	0	0	0	0	0
106	1	"激光塔"	80	1000	0	150	152	0	0	400	500	0	0	1	1	500	1000	3	1	200	10	0	0	0	0	0	0	0	0	0	0	0	0	0

//
144	1	"死亡天使"	24	740	0	80	87	30	0	100	24	3	17	6	7	500	1500	10	2	160	0	3	0	11	11	11	11	0	0	22	0	0	0	0
145	1	"狂武士"	33	1250	0	110	117	50	0	145	39	3	17	6	7	500	1500	10	2	160	0	3	0	13	13	13	13	0	0	37	0	0	0	0
146	1	"龙虾守卫"	21	600	0	70	77	25	0	88	20	3	17	6	7	500	1500	10	2	180	0	3	0	10	10	10	10	0	0	18	0	0	0	0
147	1	"阿卡斯"	17	440	0	55	62	17	0	75	17	3	17	1	7	500	1500	10	2	180	0	3	0	8	8	8	8	0	0	12	0	0	0	0
148	1	"武士"	19	500	0	60	67	20	0	80	18	3	17	2	5	500	1500	10	2	180	0	3	0	9	9	9	9	0	0	15	0	0	0	0
149	1	"暗黑巫师"	28	900	0	95	102	38	0	118	30	3	17	2	5	500	1500	10	2	160	0	3	0	12	12	12	12	0	0	28	0	0	0	0
150	1	"守护兽巴里"	52	5000	0	165	170	100	0	260	75	3	0	1	7	400	1600	100	2	160	20	3	0	6	6	6	6	0	0	75	0	0	0	0
151	1	"黄金斗士"	58	4000	0	175	180	110	0	290	86	3	0	4	7	400	1600	100	2	160	20	3	0	6	6	6	6	0	0	82	0	0	0	0
152	1	"卡利玛之门 %s 层 "	10	50	0	0	0	0	0	0	0	0	0	0	0	0	0	0	2	0	0	0	0	0	0	0	0	0	0	0	0	0	0	0
153	1	"卡利玛之门 %s 层 "	10	50	0	0	0	0	0	0	0	0	0	0	0	0	0	0	2	0	0	0	0	0	0	0	0	0	0	0	0	0	0	0
154	1	"卡利玛之门 %s 层 "	10	50	0	0	0	0	0	0	0	0	0	0	0	0	0	0	2	0	0	0	0	0	0	0	0	0	0	0	0	0	0	0
155	1	"卡利玛之门 %s 层 "	10	50	0	0	0	0	0	0	0	0	0	0	0	0	0	0	2	0	0	0	0	0	0	0	0	0	0	0	0	0	0	0
156	1	"卡利玛之门 %s 层 "	10	50	0	0	0	0	0	0	0	0	0	0	0	0	0	0	2	0	0	0	0	0	0	0	0	0	0	0	0	0	0	0
157	1	"卡利玛之门 %s 层 "	10	50	0	0	0	0	0	0	0	0	0	0	0	0	0	0	2	0	0	0	0	0	0	0	0	0	0	0	0	0	0	0
158	1	"卡利玛之门 %s 层 "	10	50	0	0	0	0	0	0	0	0	0	0	0	0	0	0	2	0	0	0	0	0	0	0	0	0	0	0	0	0	0	0
160	1	"暗黑傀儡"	40	1800	0	130	137	66	0	180	50	3	17	6	7	500	1600	10	2	160	0	4	0	14	14	14	14	0	0	49	0	0	0	0
161	1	"幻影寺院困顿"	52	3000	0	165	172	90	0	255	70	3	150	10	7	800	1700	10800	2	140	0	4	0	30	30	30	30	0	0	67	0	0	0	0
162	1	"赤色要塞 1"	30	700	0	70	90	30	0	160	20	50	0	1	7	400	2000	10	2	300	400	3	0	0	0	0	0	0	0	22	0	0	0	0
163	1	"赤色要塞 2"	32	800	0	80	100	40	0	180	30	50	17	6	7	400	1600	10	2	300	400	3	0	0	0	0	0	0	0	30	0	0	0	0
164	1	"赤色要塞 3"	40	1600	0	132	135	75	0	225	60	50	0	1	7	400	2000	10	2	300	400	3	0	1	1	1	1	0	0	56	0	0	0	0
165	1	"赤色要塞 4"	45	2700	0	150	150	90	0	250	70	50	17	6	7	400	1600	10	2	300	400	3	0	1	1	1	1	0	0	67	0	0	0	0
166	1	"赤色要塞 5"	54	4000	0	168	165	105	0	270	80	50	0	1	7	400	2000	10	2	300	400	3	0	2	2	2	2	0	0	78	0	0	0	0
167	1	"赤色要塞 6"	60	5000	0	180	180	120	0	290	90	50	17	6	7	400	1600	10	2	300	400	3	0	2	2	2	2	0	0	90	0	0	0	0
168	1	"赤色要塞 7"	65	6500	0	185	210	145	0	320	110	50	0	1	7	400	2000	10	2	300	400	3	0	4	4	4	4	0	0	108	0	0	0	0
169	1	"赤色要塞 8"	68	8000	0	205	230	160	0	350	120	50	17	6	7	400	1600	10	2	300	400	3	0	4	4	4	4	0	0	120	0	0	0	0
170	1	"赤色要塞 9"	70	10000	0	215	240	170	0	370	120	50	0	1	7	400	2000	10	2	300	400	3	0	5	5	5	5	0	0	127	0	0	0	0
171	1	"赤色要塞 10"	75	12500	0	235	260	190	0	400	130	50	17	6	7	400	1600	10	2	300	400	3	0	5	5	5	5	0	0	142	0	0	0	0
172	1	"赤色要塞 11"	76	15000	0	255	280	215	0	430	140	50	0	1	7	400	2000	10	2	300	400	3	0	6	6	6	6	0	0	161	0	0	0	0
173	1	"赤色要塞 12"	80	18000	0	280	300	240	0	470	150	50	17	6	7	400	1600	10	2	300	400	3	0	6	6	6	6	0	0	180	0	0	0	0
174	1	"死亡天使"	40	1800	0	130	137	57	0	182	45	3	17	6	7	500	1500	10	2	160	0	3	0	14	14	14	14	0	0	42	0	0	0	0
175	1	"狂武士"	48	3000	0	155	162	81	0	235	58	3	17	6	7	500	1500	10	2	160	0	3	0	16	16	16	16	0	0	60	0	0	0	0
176	1	"龙虾守卫"	37	1400	0	120	127	50	0	163	40	3	17	6	7	500	1500	10	2	180	0	3	0	13	13	13	13	0	0	37	0	0	0	0
177	1	"阿卡斯"	32	1000	0	105	112	42	0	135	33	3	17	1	7	500	1500	10	2	180	0	3	0	11	11	11	11	0	0	31	0	0	0	0
178	1	"武士"	34	1200	0	112	119	45	0	147	36	3	17	2	5	500	1500	10	2	180	0	3	0	12	12	12	12	0	0	33	0	0	0	0
179	1	"暗黑巫师"	44	2300	0	140	147	68	0	205	50	3	17	2	5	500	1500	10	2	160	0	3	0	15	15	15	15	0	0	51	0	0	0	0
180	1	"暗黑傀儡"	53	3900	0	180	187	100	0	275	67	3	17	6	7	500	1600	10	2	160	0	4	0	17	17	17	17	0	0	75	0	0	0	0
181	1	"幻影寺院困顿"	65	6000	0	220	227	140	0	355	100	3	150	10	7	800	1700	10800	2	140	0	4	0	35	35	35	35	0	0	105	0	0	0	0
182	1	"死亡天使"	53	4400	0	175	185	105	0	273	67	3	17	6	7	500	1500	10	2	150	0	3	0	17	17	17	17	0	0	78	0	0	0	0
183	1	"狂武士"	63	6600	0	225	235	150	0	325	92	3	17	6	7	500	1500	10	2	150	0	3	0	19	19	19	19	0	0	112	0	0	0	0
184	1	"龙虾守卫"	50	3650	0	160	170	90	0	250	60	3	17	6	7	500	1500	10	2	170	0	3	0	16	16	16	16	0	0	67	0	0	0	0
185	1	"阿卡斯"	46	2700	0	145	155	73	0	220	54	3	17	1	7	500	1500	10	2	170	0	3	0	14	14	14	14	0	0	54	0	0	0	0
186	1	"武士"	48	3100	0	152	162	80	0	232	56	3	17	2	5	500	1500	10	2	170	0	3	0	15	15	15	15	0	0	60	0	0	0	0
187	1	"暗黑巫师"	58	5300	0	195	205	126	0	296	77	3	17	2	5	500	1500	10	2	150	0	3	0	18	18	18	18	0	0	94	0	0	0	0
188	1	"暗黑傀儡"	69	8400	0	260	270	180	0	365	110	3	17	6	7	500	1600	10	2	150	0	4	0	20	20	20	20	0	0	135	0	0	0	0
189	1	"幻影寺院困顿"	81	14000	0	350	360	255	0	460	160	3	150	10	7	800	1700	10800	2	130	0	4	0	40	40	40	40	0	0	191	0	0	0	0
190	1	"死亡天使"	74	12000	0	270	295	185	0	397	120	3	17	6	7	500	1500	10	2	140	0	3	0	20	20	20	20	0	0	138	0	0	0	0
191	1	"狂武士"	83	22500	0	350	375	255	0	500	175	3	17	6	7	500	1500	10	2	140	0	3	0	22	22	22	22	0	0	191	0	0	0	0
192	1	"龙虾守卫"	70	8800	0	245	265	165	0	360	105	3	17	6	7	500	1500	10	2	160	0	3	0	19	19	19	19	0	0	123	0	0	0	0
193	1	"阿卡斯"	62	6000	0	215	235	140	0	310	87	3	17	1	7	500	1500	10	2	160	0	3	0	17	17	17	17	0	0	105	0	0	0	0
194	1	"武士"	66	6900	0	230	250	150	0	330	95	3	17	2	5	500	1500	10	2	160	0	3	0	18	18	18	18	0	0	112	0	0	0	0
195	1	"暗黑巫师"	78	16000	0	305	330	215	0	440	145	3	17	2	5	500	1500	10	2	140	0	3	0	21	21	21	21	0	0	161	0	0	0	0
196	1	"暗黑傀儡"	88	30000	0	410	435	300	0	575	215	3	17	6	7	500	1600	10	2	140	0	4	0	23	23	23	23	0	0	225	0	0	0	0
197	1	"幻影寺院困顿"	100	50000	0	600	625	500	0	780	295	3	150	10	7	800	1700	10800	2	120	0	4	0	45	45	45	45	0	0	375	0	0	0	0
200	1	"战斗足球"	12	1000	0	150	200	0	0	60	500	0	0	4	1	500	1000	3	1	200	20	0	0	0	0	0	0	0	0	0	0	0	0	0
204	1	"战狼神座"	2	50	0	15	30	70	20	10	30	0	0	0	0	0	0	0	0	0	0	0	0	0	0	0	0	0	0	52	0	0	0	0
205	1	"战狼护台1"	2	50	0	15	30	70	20	10	30	0	0	0	0	0	0	0	0	0	0	0	0	0	0	0	0	0	0	52	0	0	0	0
206	1	"战狼护台2"	2	50	0	15	30	70	20	10	30	0	0	0	0	0	0	0	0	0	0	0	0	0	0	0	0	0	0	52	0	0	0	0
207	1	"战狼护台3"	2	50	0	15	30	70	20	10	30	0	0	0	0	0	0	0	0	0	0	0	0	0	0	0	0	0	0	52	0	0	0	0
208	1	"战狼护台4"	2	50	0	15	30	70	20	10	30	0	0	0	0	0	0	0	0	0	0	0	0	0	0	0	0	0	0	52	0	0	0	0
209	1	"战狼护台5"	2	50	0	15	30	70	20	10	30	0	0	0	0	0	0	0	0	0	0	0	0	0	0	0	0	0	0	52	0	0	0	0
215	1	"保护膜"	2	50	0	15	30	70	20	10	30	0	0	0	5	400	1500	10	0	200	10	0	0	0	0	0	0	0	0	52	0	0	0	0
216	1	"皇冠"	2	50	0	15	30	70	20	10	30	0	0	0	0	0	0	0	0	0	0	0	0	0	0	0	0	0	0	52	0	0	0	0
217	1	"皇冠开关2"	2	50	0	15	30	70	20	10	30	0	0	0	0	0	0	0	0	0	0	0	0	0	0	0	0	0	0	52	0	0	0	0
218	1	"皇冠开关1"	2	50	0	15	30	70	20	10	30	0	0	0	0	0	0	0	0	0	0	0	0	0	0	0	0	0	0	52	0	0	0	0
219	1	"城门开关"	2	50	0	15	30	70	20	10	30	0	0	0	0	0	0	0	0	0	0	0	0	0	0	0	0	0	0	52	0	0	0	0
220	1	"门卫"	2	50	0	15	30	70	20	10	30	0	0	0	0	400	1500	0	0	0	0	0	0	0	0	0	0	0	0	52	0	0	0	0
221	1	"攻击投石车"	2	50	0	15	30	70	20	10	30	0	0	0	0	400	1500	0	0	0	0	0	0	0	0	0	0	0	0	52	0	0	0	0
222	1	"防御投石车"	2	50	0	15	30	70	20	10	30	0	0	0	0	400	1500	0	0	0	0	0	0	0	0	0	0	0	0	52	0	0	0	0
223	1	"长老"	2	50	0	15	30	70	20	10	30	0	0	0	0	0	0	0	0	0	0	0	0	0	0	0	0	0	0	52	0	0	0	0
224	1	"攻城卫兵"	2	50	0	15	30	70	20	10	30	0	0	0	0	0	0	0	0	0	0	0	0	0	0	0	0	0	0	52	0	0	0	0
226	1	"驯兽师"	2	50	0	15	30	70	20	10	30	0	0	0	5	400	1500	10	0	200	10	0	0	0	0	0	0	0	0	52	0	0	0	0
229	1	"警卫队长摩伦"	2	50	0	15	30	70	20	10	30	0	0	0	5	400	1500	10	0	200	10	0	0	0	0	0	0	0	0	52	0	0	0	0
230	1	"流浪商人阿莱斯"	2	50	0	15	30	70	20	10	30	0	0	0	5	400	1500	10	0	200	10	0	0	0	0	0	0	0	0	52	0	0	0	0
231	1	"武器商人托姆坤"	2	50	0	15	30	70	20	10	30	0	0	0	5	400	1500	10	0	200	10	0	0	0	0	0	0	0	0	52	0	0	0	0
232	1	"大天使"	2	50	0	15	30	70	20	10	30	0	0	0	5	400	1500	10	0	200	10	0	0	0	0	0	0	0	0	52	0	0	0	0
233	1	"大天使的使者"	2	50	0	15	30	70	20	10	30	0	0	0	5	400	1500	10	0	200	10	0	0	0	0	0	0	0	0	52	0	0	0	0
234	1	"宠物训练师"	2	50	0	15	30	70	20	10	30	0	0	0	5	400	1500	10	0	200	10	0	0	0	0	0	0	0	0	52	0	0	0	0
235	1	"圣导士塞维娜"	2	50	0	15	30	70	20	10	30	0	0	0	5	400	1500	10	0	200	10	0	0	0	0	0	0	0	0	52	0	0	0	0
236	1	"弓箭手洛斯"	2	50	0	15	30	70	20	10	30	0	0	0	5	400	1500	10	0	200	10	0	0	0	0	0	0	0	0	52	0	0	0	0
237	1	"卡隆"	2	50	0	15	30	70	20	10	30	0	0	0	5	400	1500	10	0	200	10	0	0	0	0	0	0	0	0	52	0	0	0	0
238	1	"玛雅哥布林"	2	50	0	15	30	70	20	10	30	0	0	0	5	400	1500	10	0	200	10	0	0	0	0	0	0	0	0	52	0	0	0	0
239	1	"竞技场守卫"	2	50	0	15	30	70	20	10	30	0	0	0	5	400	1500	10	0	200	10	0	0	0	0	0	0	0	0	52	0	0	0	0
240	1	"仓库使者"	2	50	0	15	30	70	20	10	30	0	0	0	5	400	1500	10	0	200	10	0	0	0	0	0	0	0	0	52	0	0	0	0
241	1	"战盟使者"	2	50	0	15	30	70	20	10	30	0	0	0	5	400	1500	10	0	200	10	0	0	0	0	0	0	0	0	52	0	0	0	0
242	1	"精灵安吉拉"	2	50	0	15	30	70	20	10	30	0	0	0	5	400	1500	10	0	200	10	0	0	0	0	0	0	0	0	52	0	0	0	0
243	1	"工匠尤达"	2	50	0	15	30	70	20	10	30	0	0	0	5	400	1500	10	0	200	10	0	0	0	0	0	0	0	0	52	0	0	0	0
244	1	"老板娘莉娜"	2	50	0	15	30	70	20	10	30	0	0	0	5	400	1500	10	0	200	10	0	0	0	0	0	0	0	0	52	0	0	0	0
245	1	"魔导士露茜"	2	50	0	15	30	70	20	10	30	0	0	0	5	400	1500	10	0	200	10	0	0	0	0	0	0	0	0	52	0	0	0	0
246	1	"武器商人苏菲"	20	1000	0	15	30	70	0	100	30	0	0	0	5	400	1500	10	0	200	10	0	0	0	0	0	0	0	0	52	0	0	0	0
247	1	"守卫"	90	10000	0	180	195	70	20	300	100	5	0	2	2	400	1500	10	1	200	10	0	0	0	0	0	0	1	0	52	0	0	0	0
248	1	"流浪商人马丁"	20	1000	0	15	30	70	0	100	30	0	0	0	5	400	1500	10	0	200	10	0	0	0	0	0	0	0	0	52	0	0	0	0
249	1	"守卫"	90	10000	0	180	195	70	20	300	100	5	0	5	5	400	1500	10	1	200	10	0	0	0	0	0	0	0	0	52	0	0	0	0
250	1	"流浪商人海罗德"	20	1000	0	15	30	70	20	100	30	0	0	0	5	400	1000	10	0	200	10	0	0	0	0	0	0	0	0	52	0	0	0	0
251	1	"铁匠汉斯"	20	1000	0	15	30	70	20	100	30	0	0	0	5	400	1500	10	0	200	10	0	0	0	0	0	0	0	0	52	0	0	0	0
252	1	""	2	50	0	15	30	70	20	10	30	0	0	2	5	400	1000	10	0	200	10	0	0	0	0	0	0	0	0	52	0	0	0	0
253	1	"少女安娜"	2	50	0	15	30	70	20	10	30	0	0	0	5	400	1500	10	0	200	10	0	0	0	0	0	0	0	0	52	0	0	0	0
254	1	"魔导士帕希"	2	50	0	15	30	70	20	10	30	0	0	0	5	400	1500	10	0	200	10	0	0	0	0	0	0	0	0	52	0	0	0	0
255	1	"老板娘莉雅"	2	50	0	15	30	70	20	10	30	0	0	0	5	400	1500	10	0	200	10	0	0	0	0	0	0	0	0	52	0	0	0	0
256	1	"塞尔维斯"	2	50	0	15	30	70	20	10	30	0	0	0	5	400	1500	10	0	200	10	0	0	0	0	0	0	0	0	52	0	0	0	0
257	1	"幻影导师"	2	50	0	15	30	70	20	10	30	0	0	0	5	400	1500	10	0	200	10	0	0	0	0	0	0	0	0	52	0	0	0	0
258	1	"鲁克导师"	90	10000	0	180	195	70	20	300	100	5	0	5	5	400	1500	10	1	200	10	0	0	0	0	0	0	0	0	52	0	0	0	0
259	1	"雷拉"	2	50	0	15	30	70	20	10	30	0	0	0	5	400	1500	10	0	200	10	0	0	0	0	0	0	0	0	52	0	0	0	0
260	1	"死亡天使"	88	31000	0	408	443	315	0	587	195	3	17	6	7	500	1500	10	2	135	0	3	0	23	23	23	23	0	0	236	0	0	0	0
261	1	"狂武士"	98	48000	0	546	581	430	0	715	250	3	17	6	7	500	1500	10	2	135	0	3	0	25	25	25	25	0	0	322	0	0	0	0
262	1	"龙虾守卫"	85	26000	0	365	395	280	0	540	177	3	17	6	7	500	1500	10	2	155	0	3	0	22	22	22	22	0	0	210	0	0	0	0
263	1	"阿卡斯"	79	18000	0	310	340	230	0	460	163	3	17	1	7	500	1500	10	2	155	0	3	0	20	20	20	20	0	0	172	0	0	0	0
264	1	"武士"	82	21000	0	335	365	250	0	490	168	3	17	2	5	500	1500	10	2	155	0	3	0	21	21	21	21	0	0	187	0	0	0	0
265	1	"暗黑巫师"	93	38500	0	470	505	370	0	645	220	3	17	2	5	500	1500	10	2	135	0	3	0	24	24	24	24	0	0	277	0	0	0	0
266	1	"暗黑傀儡"	105	60000	0	640	675	515	0	810	290	3	17	6	7	500	1600	10	2	135	0	4	0	26	26	26	26	0	0	386	0	0	0	0
267	1	"幻影寺院困顿"	117	100000	0	835	870	680	0	1000	360	3	150	10	7	800	1700	10800	2	110	0	4	0	50	50	50	50	0	0	510	0	0	0	0
268	1	"死亡天使"	105	65000	0	610	645	500	0	760	275	3	17	6	7	500	1500	10	2	130	0	3	0	26	26	26	26	0	0	375	0	0	0	0
269	1	"狂武士"	114	87500	0	753	788	620	0	900	335	3	17	6	7	500	1500	10	2	130	0	3	0	28	28	28	28	0	0	465	0	0	0	0
270	1	"龙虾守卫"	101	56000	0	570	600	460	0	713	255	3	17	6	7	500	1500	10	2	150	0	3	0	25	25	25	25	0	0	345	0	0	0	0
271	1	"阿卡斯"	95	42000	0	520	550	410	0	655	230	3	17	1	7	500	1500	10	2	150	0	3	0	23	23	23	23	0	0	307	0	0	0	0
272	1	"武士"	98	48500	0	540	570	432	0	680	240	3	17	2	5	500	1500	10	2	150	0	3	0	24	24	24	24	0	0	324	0	0	0	0
273	1	"暗黑巫师"	109	75500	0	672	707	550	0	820	303	3	17	2	5	500	1500	10	2	130	0	3	0	27	27	27	27	0	0	412	0	0	0	0
274	1	"暗黑傀儡"	119	105000	0	850	885	710	0	1000	370	3	17	6	7	500	1600	10	2	130	0	4	0	29	29	29	29	0	0	532	0	0	0	0
275	1	"魔王困顿"	147	5000000	0	2000	2500	1500	0	2000	1000	3	150	15	10	800	2000	43200	2	100	0	4	0	100	254	100	100	0	0	1125	0	0	0	0
277	1	"城门"	2	50	0	15	30	70	20	10	30	0	0	0	0	0	0	0	0	0	0	0	0	0	0	0	0	0	0	52	0	0	0	0
278	1	"复活石"	2	250000	0	15	30	70	20	10	30	0	0	0	0	0	0	0	0	0	0	0	0	0	0	0	0	0	0	52	0	0	0	0
283	1	"守护石像"	2	50	0	15	30	70	20	10	30	0	0	0	0	0	0	0	0	0	0	0	0	0	0	0	0	0	0	52	0	0	0	0
284	1	"王冠"	2	50	0	15	30	70	20	10	30	0	0	0	0	0	0	0	0	0	0	0	0	0	0	0	0	0	0	52	0	0	0	0
285	1	"守卫"	2	30000	0	15	30	70	20	10	30	0	0	0	5	400	1500	10	0	200	10	0	0	0	0	0	0	0	0	52	0	0	0	0
286	1	"弓箭佣兵"	100	23000	0	340	390	340	0	520	190	0	0	6	7	400	2000	0	2	0	0	0	0	7	7	7	7	0	0	255	0	0	0	0
287	1	"标枪佣兵"	100	26000	0	390	430	380	0	590	200	0	0	1	3	400	1600	0	2	0	0	0	0	7	7	7	7	0	0	285	0	0	0	0
288	1	"罗兰印记"	200	50	0	575	610	500	20	1000	30	0	150	7	6	400	2000	0	0	0	0	0	0	0	0	0	0	0	0	375	0	0	0	0
290	1	"冷血变异者"	78	15000	0	270	320	210	0	430	140	3	0	1	5	400	1400	10	2	200	46	3	0	26	26	26	26	0	0	157	0	0	0	0
291	1	"熔岩巨魔"	102	55000	0	560	600	550	0	870	310	3	0	1	7	500	1600	10	2	150	166	4	0	29	29	29	29	0	0	412	0	0	0	0
292	1	"嗜血蜂后"	92	34500	0	489	540	360	0	620	240	3	3	5	5	500	2000	10	2	180	46	3	0	28	28	28	28	0	0	270	0	0	0	0
293	1	"毒巨魔"	84	25000	0	375	425	275	0	530	190	3	17	4	6	500	2000	10	2	180	100	3	0	27	27	27	27	0	0	206	0	0	0	0
294	1	"巨斧战士"	75	11500	0	255	290	195	0	385	125	3	0	1	5	400	1400	10	2	200	46	3	0	25	25	25	25	0	0	146	0	0	0	0
295	1	"炼狱魔王"	128	3000000	0	1500	2000	1000	0	1500	800	3	150	6	8	650	1600	43200	2	100	100	4	0	100	254	100	100	0	0	750	0	0	0	0
300	1	"英雄铁脊怪"	82	20000	0	500	560	380	0	415	170	20	0	1	10	800	1600	10	2	150	10	3	0	16	16	16	16	0	0	285	0	0	0	0
301	1	"英雄恶灵王"	102	69000	0	978	1080	720	0	670	290	20	0	1	10	800	1600	10	2	150	10	3	0	26	26	28	26	0	0	540	0	0	0	0
302	1	"英雄巨斧战士"	85	23000	0	510	580	390	0	435	175	20	0	1	10	800	1600	10	2	150	10	3	0	50	50	50	50	0	0	292	0	0	0	0
303	1	"英雄毒巨魔"	94	50000	0	750	850	550	0	580	240	20	17	5	10	1000	2500	10	2	150	10	3	0	54	54	54	54	0	0	412	0	0	0	0
304	1	"丛林女巫师"	94	38500	0	408	442	357	0	637	230	4	0	3	7	450	1700	10	2	160	46	3	0	22	22	22	22	0	0	267	0	0	0	0
305	1	"丛林生命体"	84	25000	0	288	322	277	0	507	170	4	0	2	7	450	1500	10	2	180	46	3	0	21	21	21	21	0	0	207	0	0	0	0
306	1	"丛林暗杀者"	78	14000	0	260	294	222	0	402	144	4	0	1	5	450	1400	10	2	180	46	3	0	20	20	20	20	0	0	166	0	0	0	0
307	1	"丛林残暴者"	74	11000	0	258	282	197	0	390	127	4	0	1	5	450	1400	10	2	180	46	3	0	19	19	19	19	0	0	147	0	0	0	0
308	1	"丛林树精灵"	72	10000	0	248	272	187	0	362	120	4	0	1	5	450	1400	10	2	180	46	3	0	18	18	18	18	0	0	140	0	0	0	0
309	1	"丛林召唤者"	98	50000	0	550	600	520	0	850	300	6	0	5	10	600	2000	150	2	150	46	4	0	50	50	50	50	0	0	390	0	0	0	0
310	1	"刺锤侦察兵"	97	45000	0	530	560	420	0	670	250	6	0	1	5	600	1600	10	2	180	28	3	0	15	15	15	15	0	0	315	0	0	0	0
311	1	"长矛侦察兵"	97	45000	0	530	560	420	0	670	250	6	0	3	6	600	1600	10	2	180	28	3	0	17	17	17	17	0	0	315	0	0	0	0
312	1	"魔弓侦察兵"	97	45000	0	530	560	420	0	670	250	6	0	6	7	700	1700	10	2	180	28	3	0	19	19	19	19	0	0	315	0	0	0	0
313	1	"暗黑血狼人"	118	110000	0	830	850	680	0	950	355	6	0	1	7	600	1600	10	2	180	28	3	0	21	21	21	21	0	0	510	0	0	0	0
314	1	"英雄侦察兵"	123	120000	0	890	910	740	0	980	370	6	0	2	7	700	1700	10	2	150	28	3	0	23	23	23	23	0	0	555	0	0	0	0
315	1	"英雄血狼人"	127	123000	0	964	1015	800	0	1027	397	6	0	2	7	700	1700	10	2	150	28	3	0	25	25	25	25	0	0	600	0	0	0	0
316	1	"暗黑防御者"	132	140000	0	1075	1140	885	0	1100	440	6	0	3	7	700	1700	10	2	130	28	3	0	27	27	27	27	0	0	663	0	0	0	0
317	1	"暗黑扫荡者"	134	164000	0	1200	1300	982	0	1173	500	6	0	7	7	700	1700	10	2	130	28	3	0	29	29	29	29	0	0	736	0	0	0	0
318	1	"Beam Knight (Hero)"	140	200000	0	1400	1600	1100	0	1300	600	6	0	3	7	700	1700	10	2	130	28	3	0	31	31	31	31	0	0	825	0	0	0	0
319	1	"Chrome Dragon"	145	3500000	0	1230	1270	1200	0	1800	900	6	0	4	10	800	3000	1800	2	100	28	4	0	100	100	100	100	0	0	900	0	0	0	0
331	1	"阿卡斯"	111	82000	0	712	752	584	0	850	315	3	17	1	7	500	1500	10	2	150	0	3	0	23	23	23	23	0	0	438	0	0	0	0
332	1	"武士"	114	88000	0	751	791	615	0	880	330	3	17	2	5	500	1500	10	2	150	0	3	0	24	24	24	24	0	0	461	0	0	0	0
333	1	"龙虾守卫"	117	97300	0	805	845	660	0	920	345	3	17	6	7	500	1500	10	2	150	0	3	0	25	25	25	25	0	0	495	0	0	0	0
334	1	"死亡天使"	121	110000	0	870	915	720	0	960	370	3	17	6	7	500	1500	10	2	130	0	3	0	26	26	26	26	0	0	540	0	0	0	0
335	1	"暗黑巫师"	125	125000	0	951	996	783	0	1015	405	3	17	2	5	500	1500	10	2	130	0	3	0	27	27	27	27	0	0	587	0	0	0	0
336	1	"狂武士"	130	145000	0	1040	1085	865	0	1080	440	3	17	6	7	500	1500	10	2	130	0	3	0	28	28	28	28	0	0	648	0	0	0	0
337	1	"暗黑傀儡"	135	170000	0	1168	1213	992	0	1190	485	3	17	6	7	500	1600	10	2	130	0	4	0	29	29	29	29	0	0	744	0	0	0	0
338	1	"幻影寺院困顿"	140	140000	0	1070	1105	892	0	1200	450	3	150	10	7	800	1700	10800	2	100	0	4	0	60	60	60	60	0	0	669	0	0	0	0
340	1	"暗黑指挥官"	135	1500000	0	800	900	900	0	1500	370	6	0	6	10	700	1700	10	2	150	28	3	0	23	23	23	23	0	0	675	0	0	0	0
341	1	"暗黑扫荡者"	134	100000	0	600	700	500	0	1500	397	6	0	4	7	700	1700	10	2	150	28	3	0	25	25	25	25	0	0	375	0	0	0	0
344	1	"暗黑防御者"	134	90000	0	600	700	500	0	1500	370	6	0	7	7	700	1700	10	2	150	28	3	0	23	23	23	23	0	0	375	0	0	0	0
345	1	"暗黑咒术师"	134	95000	0	600	700	500	0	1500	397	6	0	6	7	700	1700	10	2	150	28	3	0	25	25	25	25	0	0	375	0	0	0	0
348	1	"巨弩发射器"	133	450000	0	800	1000	840	0	1500	370	6	0	6	7	700	1700	10	2	150	28	3	0	23	23	23	23	0	0	630	0	0	0	0
349	1	"巴卡斯司令官"	135	500000	0	1000	1500	800	0	2000	370	6	0	6	7	700	1700	10	2	150	14	3	0	23	23	23	23	0	0	600	0	0	0	0
350	1	"疯魔"	100	44370	0	555	590	443	0	728	255	3	0	2	7	500	1550	10	2	135	33	4	0	25	25	25	25	0	0	332	0	0	0	0
351	1	"裂角狼"	80	16000	0	310	340	230	0	460	163	3	0	2	7	500	1500	10	2	155	33	3	0	20	20	20	20	0	0	172	0	0	0	0
352	1	"金甲兽"	82	18000	0	335	365	250	0	490	168	3	0	2	5	500	1500	10	2	155	33	3	0	21	21	21	21	0	0	187	0	0	0	0
353	1	"半兽人"	85	22000	0	365	395	280	0	540	177	3	0	2	7	500	1500	10	2	155	33	3	0	22	22	22	22	0	0	210	0	0	0	0
354	1	"刀刃猎手"	88	32000	0	408	443	315	0	587	195	3	0	1	7	500	1500	10	2	135	33	3	0	23	23	23	23	0	0	236	0	0	0	0
355	1	"寒冰刺客"	93	38500	0	470	505	370	0	645	220	3	0	4	5	500	1500	10	2	135	33	3	0	24	24	24	24	0	0	277	0	0	0	0
356	1	"狂巨人"	98	43000	0	546	581	430	0	715	250	3	0	2	7	500	1500	10	2	135	33	3	0	25	25	25	25	0	0	322	0	0	0	0
357	1	"屠杀者"	105	48500	0	640	675	515	0	810	290	3	0	2	7	500	1600	10	2	135	33	4	0	26	26	26	26	0	0	386	0	0	0	0
358	1	"假面巫"	118	68000	0	1168	1213	615	0	1190	485	3	0	5	7	500	1600	10	2	130	33	4	0	29	29	29	29	0	0	461	0	0	0	0
359	1	"毒步妖"	117	87500	0	830	1085	865	0	1080	440	3	0	4	7	500	1500	10	2	130	33	3	0	28	28	28	28	0	0	648	0	0	0	0
360	1	"恐惧天使"	119	94000	0	946	996	783	0	1015	905	3	0	2	5	500	1500	10	2	130	33	3	0	27	27	27	27	0	0	587	0	0	0	0
361	1	"咒怨魔王"	135	1500000	0	1225	1468	1000	0	2000	420	6	0	2	7	700	1700	10	2	150	46	3	0	150	255	150	150	0	0	750	0	0	0	0
362	1	"玛雅副手"	135	400000	0	732	932	315	0	2000	1445	6	0	3	7	700	1700	10	2	150	46	3	0	100	100	100	100	0	0	236	0	0	0	0
363	1	"玛雅副手"	135	350000	0	732	932	800	0	2000	550	6	0	3	7	700	1700	10	2	150	46	3	0	100	100	100	100	0	0	600	0	0	0	0
364	1	"玛雅生命体"	111	300	0	712	752	584	0	850	315	3	0	1	7	500	1500	10	2	150	0	3	0	100	100	100	100	0	0	438	0	0	0	0
365	1	"福袋"	100	25000	0	0	0	100	0	0	100	3	0	0	1	100	0	120	1	200	10	0	0	254	254	254	254	0	0	75	0	0	0	0
367	1	"传送台"	20	1000	0	15	30	70	0	100	30	0	0	0	5	400	1500	10	0	200	10	0	0	0	0	0	0	0	0	52	0	0	0	0
368	1	"艾尔菲丝"	20	1000	0	15	30	70	0	100	30	0	0	0	5	400	1500	10	0	200	10	0	0	0	0	0	0	0	0	52	0	0	0	0
369	1	"奥斯本"	20	1000	0	15	30	70	0	100	30	0	0	0	5	400	1500	10	0	200	10	0	0	0	0	0	0	0	0	52	0	0	0	0
370	1	"杰瑞敦"	20	1000	0	15	30	70	0	100	30	0	0	0	5	400	1500	10	0	200	10	0	0	0	0	0	0	0	0	52	0	0	0	0
371	1	"雷奥导师"	90	10000	0	180	195	70	20	300	100	5	0	5	5	400	1500	10	1	200	10	0	0	0	0	0	0	0	0	52	0	0	0	0
372	1	"艾利特骷髅勇士"	10	10	0	10	10	10	10	10	10	0	0	0	0	0	0	0	0	0	0	0	0	0	0	0	0	0	0	7	0	0	0	0
373	1	"杰克登"	10	10	0	10	10	10	10	10	10	0	0	0	0	0	0	0	0	0	0	0	0	0	0	0	0	0	0	7	0	0	0	0
374	1	"圣诞老人"	10	10	0	10	10	10	10	10	10	0	0	0	0	0	0	0	0	0	0	0	0	0	0	0	0	0	0	7	0	0	0	0
375	1	"玛雅使者"	10	10	0	10	10	10	10	10	10	0	0	0	0	0	0	0	0	0	0	0	0	0	0	0	0	0	0	7	0	0	0	0
376	1	"物资管理员帕糜拉"	20	1000	0	15	30	70	0	100	30	0	0	0	5	400	1500	10	0	200	10	0	0	0	0	0	0	0	0	52	0	0	0	0
377	1	"物资管理员安吉拉"	20	1000	0	15	30	70	0	100	30	0	0	0	5	400	1500	10	0	200	10	0	0	0	0	0	0	0	0	52	0	0	0	0
378	1	"GM角色"	2	10	0	10	10	10	10	10	10	0	0	0	0	0	0	0	0	0	0	0	0	0	0	0	0	0	0	7	0	0	0	0
379	1	"爆竹商人罗嗒莎"	2	10	0	10	10	10	1	10	10	0	0	0	0	0	0	0	0	0	0	0	0	0	0	0	0	0	0	7	0	0	0	0
380	1	"石像"	2	10	0	10	10	10	1	10	10	0	0	0	0	0	0	0	0	0	0	0	0	0	0	0	0	0	0	7	0	0	0	0
381	1	"奇迹联军队长"	2	10	0	10	10	10	1	10	10	0	0	0	0	0	0	0	0	0	0	0	0	0	0	0	0	0	0	7	0	0	0	0
382	1	"幻影教团长老"	2	10	0	10	10	10	1	10	10	0	0	0	0	0	0	0	0	0	0	0	0	0	0	0	0	0	0	7	0	0	0	0
383	1	"奇迹联军圣物保管盒"	2	10	0	10	10	10	1	10	10	0	0	0	0	0	0	0	0	0	0	0	0	0	0	0	0	0	0	7	0	0	0	0
384	1	"奇迹联军圣物保管盒"	2	10	0	10	10	10	1	10	10	0	0	0	0	0	0	0	0	0	0	0	0	0	0	0	0	0	0	7	0	0	0	0
385	1	"弥拉丘"	2	10	0	10	10	10	1	10	10	0	0	0	0	0	0	0	0	0	0	0	0	0	0	0	0	0	0	7	0	0	0	0
386	1	"幻影教亡灵"	65	7150	0	195	245	150	0	340	98	4	3	4	4	800	1600	0	2	200	400	3	0	4	4	4	4	0	0	112	0	0	0	0
387	1	"幻影教亡灵"	65	7150	0	215	265	170	0	380	110	4	7	4	4	800	1600	0	2	200	400	3	0	4	4	4	4	0	0	127	0	0	0	0
388	1	"幻影教亡灵"	67	7370	0	235	285	190	0	440	130	5	0	1	6	1600	2000	0	2	200	300	3	0	4	4	4	4	0	0	142	0	0	0	0
389	1	"幻影教亡灵"	70	8680	0	280	330	210	0	500	150	4	3	4	4	800	1600	0	2	180	300	3	0	4	4	4	4	0	0	157	0	0	0	0
390	1	"幻影教亡灵"	70	8680	0	300	350	230	0	560	170	4	7	4	4	800	1600	0	2	180	200	3	0	4	4	4	4	0	0	172	0	0	0	0
391	1	"幻影教亡灵"	72	8928	0	320	370	250	0	640	200	5	0	1	6	1600	2000	0	2	180	100	4	0	7	7	7	7	0	0	187	0	0	0	0
392	1	"幻影教亡灵"	75	15000	0	375	395	280	0	460	150	4	3	4	4	800	1600	0	2	150	400	3	0	6	6	6	6	0	0	210	0	0	0	0
393	1	"幻影教亡灵"	75	15000	0	395	415	300	0	520	160	4	7	4	4	800	1600	0	2	150	400	3	0	6	6	6	6	0	0	225	0	0	0	0
394	1	"幻影教亡灵"	77	15400	0	415	435	320	0	580	195	5	0	1	6	1600	2000	0	2	150	300	3	0	6	6	6	6	0	0	240	0	0	0	0
395	1	"幻影教亡灵"	80	19200	0	480	500	360	0	660	230	4	3	4	4	800	1600	0	2	150	300	3	0	6	6	6	6	0	0	270	0	0	0	0
396	1	"幻影教亡灵"	80	19200	0	500	520	380	0	720	260	4	7	4	4	800	1600	0	2	150	200	3	0	6	6	6	6	0	0	285	0	0	0	0
397	1	"幻影教亡灵"	82	19680	0	520	540	400	0	840	280	5	0	1	6	1600	2000	0	2	150	100	4	0	9	9	9	9	0	0	300	0	0	0	0
398	1	"幻影教亡灵"	85	25500	0	595	615	450	0	760	275	4	3	4	4	800	1600	0	2	130	0	3	0	26	26	26	26	0	0	337	0	0	0	0
399	1	"幻影教亡灵"	85	25500	0	615	635	470	0	820	303	4	7	4	4	800	1600	0	2	130	0	3	0	27	27	27	27	0	0	352	0	0	0	0
400	1	"幻影教亡灵"	87	26100	0	635	655	490	0	900	335	5	0	1	6	1600	2000	0	2	130	0	3	0	28	28	28	28	0	0	367	0	0	0	0
401	1	"幻影教亡灵"	112	36000	0	720	740	550	0	1015	405	4	3	4	4	800	1600	0	2	130	0	3	0	27	27	27	27	0	0	412	0	0	0	0
402	1	"幻影教亡灵"	112	36000	0	740	760	570	0	1080	440	4	7	4	4	800	1600	0	2	130	0	3	0	28	28	28	28	0	0	427	0	0	0	0
403	1	"幻影教亡灵"	114	36800	0	760	780	590	0	1190	485	5	0	1	6	1600	2000	0	2	130	0	4	0	29	29	29	29	0	0	442	0	0	0	0
404	1	"奇迹联军"	2	10	0	10	10	10	1	10	10	0	0	0	0	0	0	0	0	0	0	0	0	0	0	0	0	0	0	7	0	0	0	0
405	1	"幻影教团"	2	10	0	10	10	10	1	10	10	0	0	0	0	0	0	0	0	0	0	0	0	0	0	0	0	0	0	7	0	0	0	0
406	1	"弟子黛彬"	2	10	0	10	10	10	1	10	10	0	0	0	0	0	0	0	0	0	0	0	0	0	0	0	0	0	0	7	0	0	0	0
407	1	"暗黑血狼人扩雷"	2	10	0	10	10	10	1	10	10	0	0	0	0	0	0	0	0	0	0	0	0	0	0	0	0	0	0	7	0	0	0	0
408	1	"休息处守卫"	2	10	0	10	10	10	1	10	10	0	0	0	0	0	0	0	0	0	0	0	0	0	0	0	0	0	0	7	0	0	0	0
409	1	"暗黑防御者 (训练兵)"	117	75000	0	550	650	480	0	1200	370	6	0	4	7	500	1500	10	2	150	46	3	0	23	23	23	23	0	0	360	0	0	0	0
410	1	"暗黑咒术师 (训练兵)"	118	85000	0	580	680	490	0	1200	390	6	0	4	7	500	1500	10	2	150	46	3	0	25	25	25	25	0	0	367	0	0	0	0
411	1	"暗黑扫荡者 (训练兵)"	119	90000	0	600	700	500	0	1200	390	6	0	2	7	500	1500	10	2	150	46	3	0	25	25	25	25	0	0	375	0	0	0	0
412	1	"暗黑指挥官 (训练兵)"	128	1500000	0	800	900	900	0	1500	400	6	0	6	10	700	1700	10	2	150	46	3	0	23	254	23	23	0	0	675	0	0	0	0
413	1	"月兔"	149	25000	0	0	0	100	0	0	100	3	0	0	1	100	0	120	1	200	10	0	0	254	254	254	254	0	0	75	0	0	0	0
414	1	"艾伦导师"	2	10	0	10	10	10	1	10	10	0	0	0	0	0	0	0	0	0	0	0	0	0	0	0	0	0	0	7	0	0	0	0
415	1	"塞尔维亚"	2	10	0	10	10	10	1	10	10	0	0	0	0	0	0	0	0	0	0	0	0	0	0	0	0	0	0	7	0	0	0	0
416	1	"雷亚"	2	10	0	10	10	10	1	10	10	0	0	0	0	0	0	0	0	0	0	0	0	0	0	0	0	0	0	7	0	0	0	0
417	1	"摩尔塞"	2	10	0	10	10	10	1	10	10	0	0	0	0	0	0	0	0	0	0	0	0	0	0	0	0	0	0	7	0	0	0	0
418	1	"怪异的兔子"	4	60	0	10	13	3	0	18	3	3	0	1	4	400	2000	10	2	120	20	6	0	0	0	0	0	0	0	2	0	0	0	0
419	1	"疯狂的兔子"	19	520	0	68	72	22	0	93	22	3	0	1	4	400	1400	10	2	160	24	6	0	0	0	0	0	0	0	16	0	0	0	0
420	1	"狼人"	24	720	0	85	90	30	0	120	30	3	0	1	5	400	1800	10	2	170	28	6	0	0	0	0	0	0	0	22	0	0	0	0
421	1	"污染之蝶"	13	230	0	37	42	13	0	58	13	3	0	1	4	400	1600	10	2	140	24	6	0	0	0	0	0	0	0	9	0	0	0	0
422	1	"诅咒巫师"	30	900	0	105	110	33	0	150	36	3	2	4	7	400	2000	10	2	180	28	6	0	0	2	0	0	0	0	24	0	0	0	0
423	1	"图腾树人"	36	1200	0	120	125	50	0	180	43	3	0	1	6	400	1400	10	2	180	46	6	0	0	0	0	0	0	0	37	0	0	0	0
424	1	"灰熊"	43	2400	0	130	140	65	0	215	52	2	17	2	6	400	1600	8	2	185	46	3	0	0	3	0	0	0	0	48	0	0	0	0
425	1	"残暴的灰熊"	48	3000	0	150	155	80	0	240	70	3	0	1	5	400	1400	10	2	200	46	3	0	3	3	3	5	0	0	60	0	0	0	0
426	1	"赤色要塞13"	111	20000	0	300	345	245	0	480	190	50	0	1	7	400	2000	10	2	300	400	3	0	7	7	7	7	0	0	183	0	0	0	0
427	1	"赤色要塞14"	114	23000	0	330	380	280	0	520	200	50	17	6	7	400	1600	10	2	300	400	3	0	7	7	7	7	0	0	210	0	0	0	0
428	1	"半兽人队长"	105	29000	0	475	510	440	0	570	250	3	0	1	3	400	2000	10	2	300	400	3	0	8	8	8	8	0	0	330	0	0	0	0
429	1	"半兽人弓箭手"	106	32000	0	510	555	480	0	640	260	3	0	5	7	400	1600	10	2	300	400	3	0	8	8	8	8	0	0	360	0	0	0	0
430	1	"黑骷髅战士"	110	37000	0	600	650	500	0	710	300	3	0	1	3	400	2000	10	2	250	300	3	0	8	8	8	8	0	0	375	0	0	0	0
431	1	"巨灵欧古"	112	45000	0	645	690	540	0	780	310	3	17	5	7	400	1600	10	2	250	300	3	0	8	8	8	8	0	0	405	0	0	0	0
432	1	"赤骷髅骑士"	119	55000	0	780	820	600	0	850	360	3	0	1	3	400	2000	10	2	200	200	3	0	8	8	8	8	0	0	450	0	0	0	0
433	1	"骷髅法师"	125	65000	0	830	865	680	0	920	370	4	150	4	6	400	1800	10	2	150	100	4	0	11	11	11	11	0	0	510	0	0	0	0
434	1	"狂巨人"	105	30000	0	475	510	360	0	715	270	3	0	2	7	500	1500	10	2	135	0	3	0	25	25	25	25	0	0	270	0	0	0	0
435	1	"疯魔"	106	33000	0	500	540	410	0	750	280	3	0	2	7	800	1700	10	2	110	0	3	0	50	50	50	50	0	0	307	0	0	0	0
436	1	"暗黑防御者 (训练兵)"	117	37000	0	560	600	460	0	800	320	6	0	4	7	500	1500	10	2	150	28	3	0	23	23	23	23	0	0	345	0	0	0	0
437	1	"暗黑扫荡者 (训练兵)"	119	40000	0	610	650	510	0	835	330	6	0	2	7	500	1500	10	2	150	28	3	0	25	25	25	25	0	0	382	0	0	0	0
438	1	"假面巫"	121	50000	0	640	680	560	0	935	370	3	0	5	7	500	1600	10	2	130	0	3	0	29	29	29	29	0	0	420	0	0	0	0
439	1	"恐惧天使"	123	55000	0	700	740	610	0	1015	380	3	0	2	5	500	1500	10	2	130	0	3	0	27	27	27	27	0	0	457	0	0	0	0
440	1	"暗黑指挥官"	135	75000	0	850	900	690	0	1300	430	6	0	6	10	700	1700	10	2	150	28	4	0	23	23	23	23	0	0	517	0	0	0	0
441	1	"树妖"	95	37000	0	475	510	370	0	700	220	4	0	1	7	600	1500	8	2	140	33	3	0	0	20	0	0	0	0	277	0	0	0	0
442	1	"毒树妖"	96	39500	0	485	505	375	0	730	225	4	0	1	7	600	1500	8	2	140	33	3	0	0	30	0	0	0	0	281	0	0	0	0
443	1	"残忍的树妖"	102	58000	0	590	625	470	0	880	275	4	17	4	7	600	1500	8	2	135	33	3	0	0	40	0	0	0	0	352	0	0	0	0
444	1	"暗影爪牙"	98	48500	0	540	575	430	0	830	240	4	0	1	5	700	1700	8	2	135	33	3	0	20	20	0	0	0	0	322	0	0	0	0
445	1	"暗影骑士"	100	52000	0	570	600	455	0	860	255	4	7	1	5	700	1700	8	2	135	33	3	0	30	30	0	0	0	0	341	0	0	0	0
446	1	"暗影武士"	104	62000	0	600	645	500	0	950	290	4	0	1	5	700	1700	8	2	130	33	3	0	40	40	0	0	0	0	375	0	0	0	0
447	1	"闪电巨人"	97	42000	0	520	555	395	0	750	235	4	0	2	5	500	2000	8	2	140	33	3	0	0	0	20	0	0	0	296	0	0	0	0
448	1	"幽灵巨人"	106	68000	0	635	665	535	0	980	295	4	1	2	5	500	2000	8	2	130	33	3	0	0	30	0	0	0	0	401	0	0	0	0
449	1	"火焰巨人"	107	70000	0	670	725	530	0	1000	303	4	0	2	5	500	2000	8	2	130	33	3	0	0	0	0	40	0	0	397	0	0	0	0
450	1	"樱花精灵"	2	10	0	10	10	10	1	10	10	0	0	0	0	0	0	0	0	0	0	0	0	0	0	0	0	0	0	7	0	0	0	0
451	1	"樱花树"	2	10	0	10	10	10	1	10	10	0	0	0	0	0	0	0	0	0	0	0	0	0	0	0	0	0	0	7	0	0	0	0
452	1	"荧之石管理员"	2	10	0	10	10	10	1	10	10	0	0	0	0	0	0	0	0	0	0	0	0	0	0	0	0	0	0	7	0	0	0	0
453	1	"荧之石研究员"	2	10	0	10	10	10	1	10	10	0	0	0	0	0	0	0	0	0	0	0	0	0	0	0	0	0	0	7	0	0	0	0
454	1	"冰之魔犬"	102	68000	0	1310	1965	615	0	1190	800	3	7	6	7	500	1500	10	2	140	33	3	0	150	30	30	30	0	0	461	0	0	0	0
455	1	"冰之魔象"	112	77000	0	1441	2017	585	0	1350	840	3	0	3	6	500	1500	10	2	140	33	3	0	150	30	30	30	0	0	438	0	0	0	0
456	1	"冰之巨魔"	122	84000	0	1585	2060	620	0	1570	770	3	0	3	7	500	1500	10	2	150	33	3	0	150	30	30	30	0	0	465	0	0	0	0
457	1	"冰之魔蛛"	132	88000	0	1743	2092	650	0	1940	840	3	7	6	7	500	1500	10	2	140	33	3	0	150	30	30	30	0	0	487	0	0	0	0
458	1	"冰铁剑魂"	142	95000	0	1917	2301	660	0	2000	800	3	0	6	7	500	1500	10	2	140	33	3	0	150	30	30	30	0	0	495	0	0	0	0
459	1	"冰霜巨蛛"	145	4800000	0	2500	3000	1250	0	2200	1800	3	0	10	8	800	1800	10	2	100	0	4	0	254	254	150	150	0	0	937	0	0	0	0
460	1	"巨蛛蛋"	10	40000	0	500	540	410	0	750	280	3	0	2	7	800	1700	10	0	110	0	3	0	50	50	50	50	0	0	307	0	0	0	0
461	1	"巨蛛蛋"	10	40000	0	500	540	410	0	750	280	3	0	2	7	800	1700	10	0	110	0	3	0	50	50	50	50	0	0	307	0	0	0	0
462	1	"巨蛛蛋"	10	40000	0	500	540	410	0	750	280	3	0	2	7	800	1700	10	0	110	0	3	0	50	50	50	50	0	0	307	0	0	0	0
463	1	"火花幽灵"	149	25000	0	0	0	100	0	0	100	3	0	0	1	100	0	120	1	200	10	0	0	254	254	254	254	0	0	75	0	0	0	0
464	1	"初行者导师"	2	10	0	10	10	10	1	10	10	0	0	0	0	0	0	0	0	0	0	0	0	0	0	0	0	0	0	7	0	0	0	0
465	1	"圣诞老人"	149	26000	0	370	410	400	0	550	200	4	3	5	6	400	2200	10	2	150	50	4	0	15	15	20	15	0	0	300	0	0	0	0
466	1	"诅咒的哥布林"	70	12000	0	220	260	190	0	440	130	3	0	2	5	400	1800	10	2	300	200	3	0	8	8	8	8	0	0	142	0	0	0	0
467	1	"雪人"	10	10	0	10	10	10	1	10	10	0	0	0	0	0	0	0	0	0	0	0	0	0	0	0	0	0	0	7	0	0	0	0
468	1	"假扮的圣诞老人（攻击）"	10	10	0	10	10	10	1	10	10	0	0	0	0	0	0	0	0	0	0	0	0	0	0	0	0	0	0	7	0	0	0	0
469	1	"假扮的圣诞老人（防御）"	10	10	0	10	10	10	1	10	10	0	0	0	0	0	0	0	0	0	0	0	0	0	0	0	0	0	0	7	0	0	0	0
470	1	"假扮的圣诞老人（恢复生命）"	10	10	0	10	10	10	1	10	10	0	0	0	0	0	0	0	0	0	0	0	0	0	0	0	0	0	0	7	0	0	0	0
471	1	"假扮的圣诞老人（恢复魔法）"	10	10	0	10	10	10	1	10	10	0	0	0	0	0	0	0	0	0	0	0	0	0	0	0	0	0	0	7	0	0	0	0
472	1	"假扮的圣诞老人（最大生命提升）"	10	10	0	10	10	10	1	10	10	0	0	0	0	0	0	0	0	0	0	0	0	0	0	0	0	0	0	7	0	0	0	0
473	1	"假扮的圣诞老人（最大魔法提升）"	10	10	0	10	10	10	1	10	10	0	0	0	0	0	0	0	0	0	0	0	0	0	0	0	0	0	0	7	0	0	0	0
474	1	"假扮的圣诞老人（攻击速度提升）"	10	10	0	10	10	10	1	10	10	0	0	0	0	0	0	0	0	0	0	0	0	0	0	0	0	0	0	7	0	0	0	0
475	1	"假扮的圣诞老人（AG提升）"	10	10	0	10	10	10	1	10	10	0	0	0	0	0	0	0	0	0	0	0	0	0	0	0	0	0	0	7	0	0	0	0
476	1	"诅咒的圣诞老人"	149	26000	0	370	410	400	0	550	200	4	0	2	6	400	2200	10	2	150	50	4	0	15	15	20	15	0	0	300	0	0	0	0
477	1	"变身雪人"	10	10	0	10	10	10	1	10	10	0	0	0	0	0	0	0	0	0	0	0	0	0	0	0	0	0	0	0	0	0	0	0
478	1	"德尔加多幸运金币抽奖"	2	10	0	10	10	10	1	10	10	0	0	0	0	0	0	0	0	0	0	0	0	0	0	0	0	0	0	7	0	0	0	0
479	1	"门卫泰徒斯"	10	10	0	10	10	10	1	10	10	0	0	0	0	0	0	0	0	0	0	0	0	0	0	0	0	0	0	7	0	0	0	0
480	1	"幽灵斗士"	90	20000	0	300	345	200	0	750	170	3	0	1	7	500	1500	10	2	130	33	3	0	200	200	200	250	0	0	150	0	0	0	0
481	1	"幽灵斗士"	120	500000	0	850	950	210	0	1190	820	3	0	1	7	500	1500	300	2	130	33	3	0	200	200	200	250	0	0	157	0	0	0	0
482	1	"幽灵角斗士"	93	23000	0	320	360	220	0	780	200	3	0	2	7	500	1500	10	2	130	33	3	0	200	200	200	250	0	0	165	0	0	0	0
483	1	"幽灵角斗士"	121	513000	0	860	960	230	0	1210	825	3	0	2	7	500	1500	300	2	130	33	3	0	200	200	200	250	0	0	172	0	0	0	0
484	1	"幽灵屠杀者"	100	27000	0	335	370	270	0	810	230	3	0	2	7	450	1600	10	2	130	33	3	0	200	200	200	250	0	0	202	0	0	0	0
485	1	"幽灵屠杀者"	122	520000	0	870	970	280	0	1230	830	3	0	2	7	450	1600	300	2	130	33	3	0	200	200	200	250	0	0	210	0	0	0	0
486	1	"幽灵屠杀者"	107	37000	0	550	600	475	0	900	300	3	0	1	7	600	1200	10	2	130	33	3	0	200	200	200	250	0	0	356	0	0	0	0
487	1	"幽灵残酷暗杀者"	109	40000	0	570	620	490	0	950	325	3	0	1	7	600	1200	10	2	130	33	3	0	200	200	200	250	0	0	367	0	0	0	0
488	1	"幽灵残酷暗杀者"	123	523000	0	880	980	500	0	1250	835	3	0	1	7	600	1200	300	2	130	33	3	0	200	200	200	250	0	0	375	0	0	0	0
489	1	"幽灵巨人"	111	50000	0	600	650	520	0	970	330	3	0	1	7	500	1600	10	2	130	33	3	0	200	200	200	250	0	0	390	0	0	0	0
490	1	"幽灵残酷巨人"	113	55000	0	630	680	535	0	1000	340	3	0	1	7	500	1600	10	2	130	33	3	0	200	200	200	250	0	0	401	0	0	0	0
491	1	"幽灵残酷巨人"	124	530000	0	890	990	545	0	1270	840	3	0	1	7	500	1600	300	2	130	33	3	0	200	200	200	250	0	0	408	0	0	0	0
492	1	"摩斯"	2	10	0	10	10	10	1	10	10	0	0	0	0	0	0	0	0	0	0	0	0	0	0	0	0	0	0	7	0	0	0	0
493	1	"黄金暗黑骑士"	60	5000	0	180	195	115	0	300	88	3	3	4	7	400	2000	10	2	200	14	3	0	5	5	5	7	0	0	86	0	0	0	0
494	1	"黄金恶魔"	72	10000	0	250	280	190	0	365	120	3	0	1	7	400	1400	10	2	170	30	3	0	8	8	8	8	0	0	142	0	0	0	0
495	1	"黄金石巨人"	84	25000	0	375	425	275	0	530	190	3	17	4	7	400	1400	20	2	160	30	3	0	10	10	10	10	0	0	206	0	0	0	0
496	1	"黄金恶灵"	92	34500	0	489	540	360	0	620	240	3	0	1	5	400	1400	10	2	160	14	3	0	13	13	14	13	0	0	270	0	0	0	0
497	1	"黄金半兽人"	108	95000	0	950	1000	600	0	900	350	1	150	6	7	400	1500	150	2	120	14	4	0	30	30	35	30	0	0	450	0	0	0	0
498	1	"黄金独步妖"	130	145000	0	1040	1085	865	0	1080	440	3	17	6	7	500	1500	10	2	130	0	3	0	28	28	28	28	0	0	648	0	0	0	0
499	1	"黄金铁轮战士"	145	200000	0	1743	2092	650	0	1940	840	3	7	6	7	500	1500	10	2	140	10	3	0	150	30	30	30	0	0	487	0	0	0	0
500	1	"黄金巨人"	112	77000	0	1441	2017	585	0	1350	840	3	0	3	6	500	1500	10	2	140	10	3	0	150	30	30	30	0	0	438	0	0	0	0
501	1	"黄金巨龙"	142	95000	0	1917	2301	660	0	2000	800	3	0	6	7	500	1500	10	2	140	10	3	0	150	30	30	30	0	0	495	0	0	0	0
502	1	"黄金兔子"	40	3000	0	130	135	60	0	200	47	3	11	4	7	400	1600	10	2	190	14	6	0	3	1	1	1	0	0	45	0	0	0	0
503	1	"变身熊猫"	10	10	0	10	10	10	1	10	10	0	0	0	0	0	0	0	0	0	0	0	0	0	0	0	0	0	0	7	0	0	0	0
504	1	"帝国司令凯文"	1	1250	0	45	50	35	0	91	80	6	0	6	10	600	3000	10	2	160	10	6	254	254	254	254	254	0	0	26	0	0	0	0
505	1	"凯文的辅佐官"	1	930	0	42	47	30	0	80	70	6	0	2	10	600	1600	10	2	160	10	6	254	254	254	254	254	0	0	22	0	0	0	0
506	1	"帝国副司令"	1	800	0	39	44	28	0	70	60	6	0	2	10	600	1600	10	2	150	10	6	254	254	254	254	254	0	0	21	0	0	0	0
507	1	"帝国指挥官"	1	800	0	39	44	28	0	70	60	6	0	2	10	600	1600	10	2	150	10	6	254	254	254	254	254	0	0	21	0	0	0	0
508	1	"帝国第一军团长"	1	780	0	36	41	27	0	70	60	6	0	2	10	600	1600	10	2	150	10	6	254	254	254	254	254	0	0	20	0	0	0	0
509	1	"帝国第二军团长"	1	780	0	36	41	27	0	70	60	6	0	2	10	600	1600	10	2	150	10	6	254	254	254	254	254	0	0	20	0	0	0	0
510	1	"帝国第三军团长"	1	780	0	36	41	27	0	70	60	6	0	2	10	600	1400	10	2	160	10	6	254	254	254	254	254	0	0	20	0	0	0	0
511	1	"帝国第四军团长"	1	780	0	36	41	27	0	70	60	6	0	2	10	600	1400	10	2	160	10	6	254	254	254	254	254	0	0	20	0	0	0	0
512	1	"帝国校尉"	1	650	0	33	38	22	0	50	40	6	0	2	10	600	1600	10	2	130	10	6	254	254	254	254	254	0	0	16	0	0	0	0
513	1	"帝国教官"	1	650	0	33	38	22	0	50	40	6	0	2	10	600	1600	10	2	130	10	6	254	254	254	254	254	0	0	16	0	0	0	0
514	1	"帝国骑士团长"	1	650	0	33	38	22	0	50	40	6	0	2	10	600	1600	10	2	130	10	6	254	254	254	254	254	0	0	16	0	0	0	0
515	1	"帝国大魔法师"	1	650	0	33	38	22	0	50	40	6	2	6	10	600	1600	10	2	140	10	6	254	254	254	254	254	0	0	16	0	0	0	0
516	1	"帝国暗杀团长"	1	650	0	33	38	22	0	50	40	6	0	2	10	600	1200	10	2	140	10	6	254	254	254	254	254	0	0	16	0	0	0	0
517	1	"帝国骑兵团长"	1	650	0	33	38	22	0	50	40	6	0	2	10	600	1600	10	2	140	10	6	254	254	254	254	254	0	0	16	0	0	0	0
518	1	"帝国刀盾兵"	1	580	0	30	35	20	0	30	20	6	0	2	7	600	1400	10	2	120	10	6	254	254	254	254	254	0	0	15	0	0	0	0
519	1	"帝国祭司"	1	500	0	25	30	15	0	30	20	6	2	6	10	600	1400	10	2	120	10	6	254	254	254	254	254	0	0	11	0	0	0	0
520	1	"帝国骑士"	1	550	0	28	33	17	0	30	20	6	0	2	7	600	1400	10	2	120	10	6	254	254	254	254	254	0	0	12	0	0	0	0
521	1	"帝国护卫"	1	570	0	30	35	18	0	30	20	6	0	2	10	600	1400	10	2	120	10	6	254	254	254	254	254	0	0	13	0	0	0	0
522	1	"辅佐官杰林特"	2	10	0	10	10	10	1	10	10	0	0	0	0	0	0	0	0	0	0	0	0	0	0	0	0	0	0	7	0	0	0	0
523	1	"陷阱"	2	100	0	15	52	0	0	45	50	0	0	5	5	0	1000	3	1	0	0	0	0	254	254	254	254	0	0	0	0	0	0	0
524	1	"城门 1"	1	500	0	0	0	0	0	0	1	0	0	0	0	0	0	0	0	0	0	0	0	254	254	254	254	0	0	0	0	0	0	0
525	1	"城门 2"	1	600	0	0	0	0	0	0	1	0	0	0	0	0	0	0	0	0	0	0	0	254	254	254	254	0	0	0	0	0	0	0
526	1	"石像 1"	1	650	0	0	0	0	0	0	1	0	0	0	0	0	0	0	0	0	0	0	0	254	0	0	0	0	0	0	0	0	0	0
527	1	"城门 3"	1	500	0	0	0	0	0	0	1	0	0	0	0	0	0	0	0	0	0	0	0	254	254	254	254	0	0	0	0	0	0	0
528	1	"城门 4"	1	600	0	0	0	0	0	0	1	0	0	0	0	0	0	0	0	0	0	0	0	254	254	254	254	0	0	0	0	0	0	0
529	1	"愤怒的屠夫"	20	2800	0	125	135	83	0	2000	1500	3	0	6	7	500	1600	10	0	0	0	6	15	15	15	254	15	0	0	62	0	0	0	0
530	1	"屠夫"	18	2300	0	110	120	73	0	1000	1000	3	0	6	7	500	1600	10	0	0	0	6	15	15	15	254	15	0	0	54	0	0	0	0
531	1	"冰之魔犬"	19	1500	0	85	90	60	0	800	1000	3	0	8	10	400	2000	10	2	100	0	6	15	15	15	15	15	0	0	45	0	0	0	0
532	1	"幼虫"	16	1000	0	75	80	55	0	800	900	3	1	2	7	400	2000	10	2	100	0	6	15	15	15	15	15	0	0	41	0	0	0	0
533	1	"生魂"	15	600	0	80	85	45	0	1000	900	3	239	1	3	400	1600	10	2	100	5	6	10	10	10	10	10	0	0	33	0	0	0	0
534	1	"生魂弓箭手"	14	500	0	65	70	30	0	700	500	2	235	5	6	400	1400	10	2	100	5	6	10	10	10	10	10	0	0	22	0	0	0	0
535	1	"生魂剑士"	14	500	0	65	70	30	0	700	500	2	41	1	3	400	2200	10	2	100	5	6	10	10	10	10	10	0	0	22	0	0	0	0
536	1	"生魂魔法师"	14	500	0	65	70	30	0	700	500	2	39	5	4	400	2200	10	2	100	5	6	10	10	10	10	10	0	0	22	0	0	0	0
537	1	"生魂魔剑士"	14	500	0	65	70	30	0	700	500	2	56	4	4	400	1400	10	2	100	5	6	10	10	10	10	10	0	0	22	0	0	0	0
538	1	"生魂圣导师"	17	900	0	85	90	55	0	900	800	3	62	4	6	400	1600	10	2	100	5	6	15	15	15	15	15	0	0	41	0	0	0	0
539	1	"生魂召唤术师"	14	500	0	65	70	30	0	500	300	3	230	2	4	400	1600	10	2	100	5	6	10	10	10	10	10	0	0	22	0	0	0	0
540	1	"陆迦德"	2	10	0	10	10	10	1	10	10	0	0	0	0	0	0	0	0	0	0	0	0	0	0	0	0	0	0	7	0	0	0	0
541	1	"小奖励宝箱"	2	10	0	10	10	10	1	10	10	0	0	0	0	0	0	0	0	0	0	0	0	0	0	0	0	0	0	7	0	0	0	0
542	1	"大奖励宝箱"	2	10	0	10	10	10	1	10	10	0	0	0	0	0	0	0	0	0	0	0	0	0	0	0	0	0	0	7	0	0	0	0
543	1	"多普瑞恩家族管家"	2	10	0	10	10	10	1	10	10	0	0	0	0	0	0	0	0	0	0	0	0	0	0	0	0	0	0	7	0	0	0	0
544	1	"巴内尔特家族管家"	2	10	0	10	10	10	1	10	10	0	0	0	0	0	0	0	0	0	0	0	0	0	0	0	0	0	0	7	0	0	0	0
545	1	"杂货商人克里斯丁"	2	10	0	10	10	10	1	10	10	0	0	0	0	0	0	0	0	0	0	0	0	0	0	0	0	0	0	7	0	0	0	0
546	1	"宝石商人罗尔"	2	10	0	10	10	10	1	10	10	0	0	0	0	0	0	0	0	0	0	0	0	0	0	0	0	0	0	7	0	0	0	0
547	1	"市场传送师朱丽亚"	2	10	0	10	10	10	1	10	10	0	0	0	0	0	0	0	0	0	0	0	0	0	0	0	0	0	0	7	0	0	0	0
548	1	"变身骨架"	10	10	0	10	10	10	1	10	10	0	0	0	0	0	0	0	0	0	0	0	0	0	0	0	0	0	0	7	0	0	0	0
549	1	"血色残暴者"	114	117000	0	675	710	420	0	900	820	4	0	2	9	700	1500	8	2	120	40	3	0	20	20	20	150	0	0	315	0	0	0	0
550	1	"血色暗杀者"	115	88000	0	795	830	460	0	1100	430	4	0	2	9	700	2500	10	2	120	40	3	0	20	20	20	150	0	0	345	0	0	0	0
551	1	"血色石人"	117	129700	0	715	750	470	0	900	960	4	0	2	9	700	1500	10	2	110	40	4	0	20	20	20	150	0	0	352	0	0	0	0
552	1	"血色女巫师"	120	85700	0	835	870	480	0	1100	430	4	0	3	9	700	2500	10	2	105	40	4	0	20	20	20	150	0	0	360	0	0	0	0
553	1	"血色生命体"	123	184370	0	915	990	543	0	1557	755	3	0	2	9	700	2500	10	2	120	40	4	0	20	20	150	20	0	0	407	0	0	0	0
554	1	"血色女巫师"	126	198500	0	970	1005	570	0	1258	920	3	0	4	9	700	1500	10	2	120	40	3	0	20	20	150	20	0	0	427	0	0	0	0
555	1	"黑暗刀刃猎手"	128	203000	0	1046	1181	630	0	1575	750	3	0	2	9	700	2500	10	2	110	40	3	0	20	20	150	20	0	0	472	0	0	0	0
556	1	"黑暗屠夫"	129	218500	0	1240	1375	715	0	1251	990	3	0	2	9	700	2500	10	2	105	40	4	0	20	20	150	20	0	0	536	0	0	0	0
557	1	"邪恶树妖"	131	218000	0	1441	2017	670	0	1847	875	4	17	3	9	700	2550	8	2	120	40	4	0	150	20	20	20	0	0	502	0	0	0	0
558	1	"寒冰巨人"	135	230000	0	1585	2060	730	0	1544	903	4	0	2	9	700	2500	8	2	120	40	3	0	150	20	20	20	0	0	547	0	0	0	0
559	1	"黑暗武士"	137	242000	0	1743	2092	700	0	1646	990	4	0	2	9	700	2500	8	2	110	40	4	0	150	20	20	20	0	0	525	0	0	0	0
560	1	"邪恶树妖"	141	358000	0	1917	2301	740	0	1140	1135	4	17	3	9	700	2000	8	2	105	40	6	0	150	20	20	20	0	0	555	0	0	0	0
561	1	"美杜莎"	175	7800000	0	7040	7800	1450	0	5900	3800	3	39	7	10	800	4900	10	2	100	0	6	0	254	254	150	150	0	0	1087	0	0	0	0
562	1	"黑暗冰之魔象"	140	237000	0	1741	2317	785	0	2240	1440	3	0	3	6	700	2500	10	2	120	40	4	0	30	150	30	30	0	0	588	0	0	0	0
563	1	"黑暗冰之巨魔"	143	254000	0	1885	2360	820	0	2647	970	3	0	3	8	700	2500	10	2	120	40	3	0	30	150	30	30	0	0	615	0	0	0	0
564	1	"黑暗冰之魔蛛"	145	248000	0	2043	2392	850	0	2142	1440	3	7	6	8	700	2500	10	2	110	40	3	0	30	150	30	30	0	0	637	0	0	0	0
565	1	"黑暗冰铁剑魂"	148	265000	0	2217	2601	860	0	2441	1430	3	0	3	8	700	2500	10	2	105	40	4	0	30	150	30	30	0	0	645	0	0	0	0
566	1	"特蕾西亚"	2	10	0	10	10	10	1	10	10	0	0	0	0	0	0	0	0	0	0	0	0	0	0	0	0	0	0	7	0	0	0	0
567	1	"贝娜"	2	10	0	10	10	10	1	10	10	0	0	0	0	0	0	0	0	0	0	0	0	0	0	0	0	0	0	7	0	0	0	0
568	1	"神秘商人杰罗"	2	10	0	10	10	10	1	10	10	0	0	0	0	0	0	0	0	0	0	0	0	0	0	0	0	0	0	7	0	0	0	0
569	1	"剧毒勾尾蝎"	99	50000	0	555	590	445	0	845	248	6	1	2	10	900	1500	10	2	130	33	3	0	100	254	100	200	0	0	333	0	0	0	0
570	1	"白骨勾尾蝎"	103	60000	0	595	635	485	0	915	283	6	1	2	10	900	1500	10	2	130	33	3	0	100	254	100	200	0	0	363	0	0	0	0
571	1	"黑暗独角猿"	105	65000	0	618	655	518	0	965	293	6	0	2	10	700	1800	10	2	130	33	3	0	100	100	100	240	0	0	388	0	0	0	0
572	1	"黑暗四臂猿"	108	72000	0	685	735	545	0	1020	315	6	0	2	10	700	1800	10	2	130	33	3	0	100	100	100	240	0	0	408	0	0	0	0
573	1	"金甲勇士"	111	78000	0	705	755	560	0	1080	340	6	0	1	10	800	1700	10	2	135	33	3	0	150	254	100	150	0	0	420	0	0	0	0
574	1	"黄蜂女王"	114	83000	0	720	770	575	0	1140	375	6	1	2	10	800	1700	10	2	135	33	3	0	150	254	100	150	0	0	431	0	0	0	0
575	1	"幽灵石巨人"	117	90000	0	735	790	610	0	1200	405	6	0	2	10	500	2000	10	2	135	33	3	0	150	255	255	255	0	0	457	0	0	0	0
576	1	"邪灵石巨人"	120	96000	0	750	815	640	0	1265	425	6	0	2	10	500	2000	10	2	135	33	3	0	150	255	255	255	0	0	480	0	0	0	0
577	1	"商人蕾娜"	2	10	0	10	10	10	1	10	10	0	0	0	0	0	0	0	0	0	0	0	0	0	0	0	0	0	0	7	0	0	0	0
578	1	"武器商人贝莱"	2	10	0	10	10	10	1	10	10	0	0	0	0	0	0	0	0	0	0	0	0	0	0	0	0	0	0	7	0	0	0	0
579	1	"戴彼得"	2	10	0	10	10	10	1	10	10	0	0	0	0	0	0	0	0	0	0	0	0	0	0	0	0	0	0	7	0	0	0	0
580	1	"船长斯洛普"	2	10	0	10	10	10	1	10	10	0	0	0	0	0	0	0	0	0	0	0	0	0	0	0	0	0	0	7	0	0	0	0
581	1	"阿卡伦密探戴鲁西"	2	10	0	10	10	10	1	10	10	0	0	0	0	0	0	0	0	0	0	0	0	0	0	0	0	0	0	7	0	0	0	0
582	1	"元素大师艾德尼"	2	10	0	10	10	10	1	10	10	0	0	0	0	0	0	0	0	0	0	0	0	0	0	0	0	0	0	7	0	0	0	0
583	1	"药水商人真"	2	10	0	10	10	10	1	10	10	0	0	0	0	0	0	0	0	0	0	0	0	0	0	0	0	0	0	7	0	0	0	0
584	1	"阿卡伦战争管理员莱斯纳"	2	10	0	10	10	10	1	10	10	0	0	0	0	0	0	0	0	0	0	0	0	0	0	0	0	0	0	7	0	0	0	0
585	1	"稻草人"	2	100000000	0	10	10	100	0	10	10	0	0	0	0	0	0	0	0	0	0	0	0	100	100	100	100	0	0	750	0	0	0	0
586	1	"双子佩里"	88	29000	0	408	443	315	0	587	195	3	0	2	7	500	1500	10	2	160	33	3	0	0	0	0	0	6	1	2160	3180	3420	5870	195
587	1	"元素怪兽"	91	32000	0	435	465	340	0	550	185	3	0	2	7	500	1500	10	2	160	33	3	0	0	0	0	0	6	1	2450	3450	3680	5500	185
588	1	"元素骑士"	93	33000	0	455	510	370	0	590	220	3	0	2	7	500	1500	10	2	160	33	3	0	0	0	0	0	6	1	2770	3650	3890	5900	220
589	1	"远古双子佩里"	99	35000	0	520	555	395	0	750	235	3	0	2	7	500	1500	10	2	160	33	3	0	0	0	0	0	6	1	3060	3850	4170	7500	235
590	1	"远古元素怪兽"	101	37500	0	540	575	430	0	830	240	3	0	2	7	500	1500	10	2	160	33	3	0	0	0	0	0	6	1	3360	4220	4460	8300	240
591	1	"远古元素骑士"	103	38500	0	570	600	455	0	860	255	3	0	2	7	500	1500	10	2	160	33	3	0	0	0	0	0	6	1	3510	4560	4810	8600	255
592	1	"水女神"	113	11100	0	600	635	515	0	950	315	6	1	2	10	900	1500	3600	2	130	33	3	0	0	0	0	0	2	2	2400	4720	4990	9500	315
593	1	"撒拉曼德"	113	10000	0	620	655	495	0	1020	315	6	0	2	10	700	1800	3600	2	130	33	3	0	0	0	0	0	1	2	2550	4630	4860	9500	315
594	1	"仙女"	113	9500	0	635	675	475	0	1020	315	6	0	2	10	700	1800	3600	2	130	33	3	0	0	0	0	0	4	2	2750	4950	5120	9500	315
595	1	"诺姆"	113	12000	0	590	635	545	0	960	295	6	0	1	10	800	1700	3600	2	135	33	3	0	0	0	0	0	3	2	2250	4580	4850	9500	315
596	1	"希拉斯"	113	9000	0	600	630	475	0	1020	305	6	1	2	10	800	1700	3600	2	135	33	3	0	0	0	0	0	5	2	2350	4670	4830	9500	315
597	1	"被召唤的萨迪洛斯"	85	22000	0	365	395	280	0	540	177	3	0	2	7	500	1500	10	2	155	33	3	0	22	22	22	22	0	0	93	0	0	0	0
598	1	"火塔"	2	3000	0	0	0	0	0	0	1	0	0	0	0	0	0	0	0	0	0	0	0	0	0	0	0	0	0	0	0	0	0	0
599	1	"水塔"	2	3000	0	0	0	0	0	0	1	0	0	0	0	0	0	0	0	0	0	0	0	0	0	0	0	0	0	0	0	0	0	0
600	1	"土塔"	2	3000	0	0	0	0	0	0	1	0	0	0	0	0	0	0	0	0	0	0	0	0	0	0	0	0	0	0	0	0	0	0
601	1	"风塔"	2	3000	0	0	0	0	0	0	1	0	0	0	0	0	0	0	0	0	0	0	0	0	0	0	0	0	0	0	0	0	0	0
602	1	"黑暗塔"	2	3000	0	0	0	0	0	0	1	0	0	0	0	0	0	0	0	0	0	0	0	0	0	0	0	0	0	0	0	0	0	0
603	1	"阿卡伦Y界"	2	10	0	10	10	10	1	10	10	0	0	0	0	0	0	0	0	0	0	0	0	0	0	0	0	0	0	3	0	0	0	0
604	1	"药水商人真"	2	10	0	10	10	10	1	10	10	0	0	0	0	0	0	0	0	0	0	0	0	0	0	0	0	0	0	3	0	0	0	0
605	1	"蓝矿区 (小)"	95	5	0	10	10	10	0	10	10	0	0	0	0	0	0	10	1	0	0	0	0	0	0	0	0	0	0	3	0	0	0	0
606	1	"紫矿区 (中)"	100	5	0	10	10	10	0	10	10	0	0	0	0	0	0	20	1	0	0	0	0	0	0	0	0	0	0	3	0	0	0	0
607	1	"金矿区 (大)"	105	5	0	10	10	10	0	10	10	0	0	0	0	0	0	30	1	0	0	0	0	0	0	0	0	0	0	3	0	0	0	0
608	1	"德班泰尔恶魔费尔里"	105	57000	0	590	620	480	0	890	270	3	0	2	7	500	1500	10	2	160	33	3	0	0	0	0	0	6	1	3710	4860	5110	8900	270
609	1	"德班泰尔元素比斯特"	107	63000	0	610	640	500	0	920	285	3	0	2	7	500	1500	10	2	160	33	3	0	0	0	0	0	6	1	3910	5160	5410	9200	285
610	1	"德班泰尔元素骑士"	109	70000	0	630	660	520	0	950	300	3	0	2	7	500	1500	10	2	160	33	3	0	0	0	0	0	6	1	4110	5460	5710	9500	300
611	1	"瑟立郝登"	119	12210	0	630	666	540	0	997	346	6	1	2	10	900	1500	3600	2	130	33	3	0	0	0	0	0	1	2	2520	4950	5230	9970	330
612	1	"乌坎巴"	119	11000	0	651	687	519	0	1071	346	6	0	2	10	700	1800	3600	2	130	33	3	0	0	0	0	0	2	2	2670	4860	5100	9970	330
613	1	"西拉"	119	10450	0	666	708	498	0	1071	346	6	0	2	10	700	1800	3600	2	130	33	3	0	0	0	0	0	4	2	2880	5190	5370	9970	330
614	1	"努尔穆斯"	119	13200	0	619	666	572	0	1008	324	6	0	1	10	800	1700	3600	2	135	33	3	0	0	0	0	0	3	2	2360	4800	5090	9970	330
615	1	"穆福"	119	10800	0	630	661	498	0	1071	324	6	1	2	10	800	1700	3600	2	135	33	3	0	0	0	0	0	5	2	2460	4900	5070	9970	330
616	1	"棕色熊变身指环"	10	10	0	10	10	10	1	10	10	0	0	0	0	0	0	0	0	0	0	0	0	0	0	0	0	0	0	70	0	0	0	0
617	1	"粉色熊变身指环"	10	10	0	10	10	10	1	10	10	0	0	0	0	0	0	0	0	0	0	0	0	0	0	0	0	0	0	70	0	0	0	0
625	1	"迷你骑士变身指环"	10	10	0	10	10	10	1	10	10	0	0	0	0	0	0	0	0	0	0	0	0	0	0	0	0	0	0	70	0	0	0	0
626	1	"钢铁骑士变身指环"	10	10	0	10	10	10	1	10	10	0	0	0	0	0	0	0	0	0	0	0	0	0	0	0	0	0	0	70	0	0	0	0
627	1	"被诅咒的火塔"	2	10000000	0	0	0	600	0	0	600	0	0	0	0	0	0	0	0	0	0	0	0	0	0	0	0	1	1	2000	0	0	0	0
628	1	"被诅咒的水塔"	2	10000000	0	0	0	600	0	0	600	0	0	0	0	0	0	0	0	0	0	0	0	0	0	0	0	2	1	2000	0	0	0	0
629	1	"被诅咒的土塔"	2	10000000	0	0	0	600	0	0	600	0	0	0	0	0	0	0	0	0	0	0	0	0	0	0	0	3	1	2000	0	0	0	0
630	1	"被诅咒的风塔"	2	10000000	0	0	0	600	0	0	600	0	0	0	0	0	0	0	0	0	0	0	0	0	0	0	0	4	1	2000	0	0	0	0
631	1	"被诅咒的黑暗塔"	2	10000000	0	0	0	600	0	0	600	0	0	0	0	0	0	0	0	0	0	0	0	0	0	0	0	5	1	2000	0	0	0	0
632	1	"诅咒水女神"	119	100000	0	1	2000	600	0	1500	1200	6	1	2	10	900	1500	0	2	130	33	3	0	0	0	0	0	2	2	3020	5940	6270	11960	396
633	1	"诅咒撒拉曼德"	119	100000	0	1	2000	600	0	1500	1200	6	0	2	10	700	1800	0	2	130	33	3	0	0	0	0	0	1	2	3200	5830	6120	11960	396
634	1	"诅咒仙女"	119	100000	0	1	2000	600	0	1500	1200	6	0	2	10	700	1800	0	2	130	33	3	0	0	0	0	0	4	2	3450	6220	6440	11960	396
635	1	"诅咒诺姆"	119	100000	0	1	2000	600	0	1500	1200	6	0	1	10	800	1700	0	2	135	33	3	0	0	0	0	0	3	2	2830	5760	6100	11960	396
636	1	"诅咒希拉斯"	119	100000	0	1	2000	600	0	1500	1200	6	1	2	10	800	1700	0	2	135	33	3	0	0	0	0	0	5	2	2950	5880	6080	11960	396
637	1	"诅咒瑟立郝登"	129	150000	0	1	2200	700	0	1800	1500	6	1	2	10	900	1500	0	2	130	33	3	0	0	0	0	0	1	2	3620	7120	7520	14350	475
638	1	"诅咒乌坎巴"	129	150000	0	1	2200	700	0	1800	1500	6	0	2	10	700	1800	0	2	130	33	3	0	0	0	0	0	2	2	3840	6990	7340	14350	475
639	1	"诅咒西拉"	129	150000	0	1	2200	700	0	1800	1500	6	0	2	10	700	1800	0	2	130	33	3	0	0	0	0	0	4	2	4140	7460	7720	14350	475
640	1	"诅咒努尔穆斯"	129	150000	0	1	2200	700	0	1800	1500	6	0	1	10	800	1700	0	2	135	33	3	0	0	0	0	0	3	2	3390	6910	7320	14350	475
641	1	"诅咒穆福"	129	150000	0	1	2200	700	0	1800	1500	6	1	2	10	800	1700	0	2	135	33	3	0	0	0	0	0	5	2	3540	7050	7290	14350	475
642	1	"齐天大圣变身指环"	10	10	0	10	10	10	1	10	10	0	0	0	0	0	0	0	0	0	0	0	0	0	0	0	0	0	0	70	0	0	0	0
643	1	"迈特"	2	10	0	10	10	10	1	10	10	0	0	0	0	0	0	0	0	0	0	0	0	0	0	0	0	0	0	70	0	0	0	0
644	1	"赤色要塞 15"	111	20000	0	300	345	245	0	480	190	50	0	1	7	400	2000	10	2	300	400	3	0	7	7	7	7	0	0	1830	0	0	0	0
645	1	"赤色要塞 16"	114	23000	0	330	380	280	0	520	200	50	17	6	7	400	1600	10	2	300	400	3	0	7	7	7	7	0	0	2100	0	0	0	0
647	1	"青蛇"	100	10000	0	330	580	500	0	480	500	5	0	1	7	500	1000	120	2	200	10	0	0	254	254	254	254	0	0	750	0	0	0	0
648	1	"黄蛇"	100	10000	0	430	680	600	0	480	500	5	0	1	7	500	1000	120	2	200	10	0	0	254	254	254	254	0	0	750	0	0	0	0
649	1	"紫蛇"	100	10000	0	530	780	700	0	480	500	5	0	1	7	500	1000	120	2	200	10	0	0	254	254	254	254	0	0	750	0	0	0	0
650	1	"红蛇"	100	10000	0	630	880	800	0	480	500	5	0	1	7	500	1000	120	2	200	10	0	0	254	254	254	254	0	0	750	0	0	0	0
651	1	"个人商店公告栏"	2	10	0	10	10	10	1	10	10	0	0	0	0	0	0	0	0	0	0	0	0	0	0	0	0	0	0	70	0	0	0	0
652	1	"黄金哥布林"	100	120000	0	100	200	200	0	500	300	3	0	1	7	400	1400	3600	2	10	20	0	0	0	0	0	0	6	1	1000	1000	2000	5000	300
653	1	"黄金泰坦"	110	400000	0	300	400	300	0	2000	500	3	150	3	7	400	2000	0	2	200	28	0	0	0	0	0	0	6	1	3000	2000	5000	10000	500
654	1	"黄金破坏骑士"	115	800000	0	400	500	400	0	3000	600	3	150	2	7	400	1400	0	2	180	60	0	0	0	0	0	0	6	1	7000	4000	6000	15000	700
655	1	"黄金炼狱魔王"	120	1200000	0	500	600	600	0	3000	800	3	150	6	8	650	1600	0	2	100	100	0	0	0	0	0	0	6	1	7000	5000	6500	15000	800
656	1	"黄金丛林召唤者"	125	3000000	0	600	700	700	0	3000	1300	6	0	5	10	600	2000	0	2	150	46	0	0	0	0	0	0	6	1	8000	5500	7500	15000	1000
657	1	"黄金困顿"	130	5000000	0	700	800	800	0	3000	1700	5	150	15	10	800	2000	0	2	100	0	0	0	0	0	0	0	6	1	10000	6500	8500	16000	1200
658	1	"诅咒石像"	2	10	0	10	10	10	1	10	10	0	0	0	0	0	0	0	0	0	0	0	0	0	0	0	0	0	0	7	0	0	0	0
659	1	"占领石像"	2	10	0	10	10	10	1	10	10	0	0	0	0	0	0	0	0	0	0	0	0	0	0	0	0	0	0	7	0	0	0	0
660	1	"占领石像"	2	10	0	10	10	10	1	10	10	0	0	0	0	0	0	0	0	0	0	0	0	0	0	0	0	0	0	7	0	0	0	0
661	1	"占领石像"	2	10	0	10	10	10	1	10	10	0	0	0	0	0	0	0	0	0	0	0	0	0	0	0	0	0	0	7	0	0	0	0
662	1	"占领石像"	2	10	0	10	10	10	1	10	10	0	0	0	0	0	0	0	0	0	0	0	0	0	0	0	0	0	0	7	0	0	0	0
663	1	"占领石像"	2	10	0	10	10	10	1	10	10	0	0	0	0	0	0	0	0	0	0	0	0	0	0	0	0	0	0	7	0	0	0	0
664	1	"占领石像"	2	10	0	10	10	10	1	10	10	0	0	0	0	0	0	0	0	0	0	0	0	0	0	0	0	0	0	7	0	0	0	0
665	1	"占领石像"	2	10	0	10	10	10	1	10	10	0	0	0	0	0	0	0	0	0	0	0	0	0	0	0	0	0	0	7	0	0	0	0
666	1	"占领石像"	2	10	0	10	10	10	1	10	10	0	0	0	0	0	0	0	0	0	0	0	0	0	0	0	0	0	0	7	0	0	0	0
667	1	"占领石像"	2	10	0	10	10	10	1	10	10	0	0	0	0	0	0	0	0	0	0	0	0	0	0	0	0	0	0	7	0	0	0	0
668	1	"占领石像"	2	10	0	10	10	10	1	10	10	0	0	0	0	0	0	0	0	0	0	0	0	0	0	0	0	0	0	7	0	0	0	0
669	1	"艾琳"	2	10	0	10	10	10	10	10	10	0	0	0	0	0	0	0	0	0	0	0	0	0	0	0	0	0	0	7	0	0	0	0
670	1	"乌尔克双子佩里"	115	68000	0	730	760	630	630	1000	300	3	0	2	7	500	1500	10	2	160	33	3	0	0	0	0	0	6	1	420	700	730	1200	400
671	1	"乌尔克元素野兽"	117	75000	0	770	800	650	650	1000	320	3	0	2	7	500	1500	10	2	160	33	3	0	0	0	0	0	6	1	440	740	770	1300	415
672	1	"乌尔克元素骑士"	119	80000	0	810	840	680	680	1000	310	3	0	2	7	500	1500	10	2	160	33	3	0	0	0	0	0	6	1	460	780	810	1400	430
673	1	"辛维斯特"	180	8000000	0	5000	6000	1400	1400	6000	4000	1	150	2	7	500	1500	86400	2	160	33	6	0	0	0	0	0	6	1	550	700	1700	2300	3000
674	1	"月兔"	10	10000	0	0	0	10	0	0	10	3	0	0	5	100	0	3600	2	200	10	0	0	0	254	254	254	254	0	75	0	0	0	0
675	1	"福袋"	10	10000	0	0	0	10	0	0	10	3	0	0	5	100	0	3600	2	200	10	0	0	0	254	254	254	254	0	75	0	0	0	0
676	1	"火花精灵"	10	10000	0	0	0	10	0	0	10	3	0	0	5	100	0	3600	2	200	10	0	0	0	254	254	254	254	0	75	0	0	0	0
677	1	"黄金哥布林"	10	10000	0	0	0	10	0	0	10	3	0	0	5	100	0	3600	2	200	10	0	0	0	254	254	254	254	0	75	0	0	0	0
678	1	"仑德 双子佩里"	120	2000000	0	2900	3500	1000	1000	1300	300	3	0	2	7	500	1500	10	2	160	33	3	0	0	0	0	0	6	0	350	400	500	400	500
679	1	"仑德 元素怪兽"	123	1500000	0	1800	2200	800	800	1000	650	3	0	2	7	500	1500	10	2	160	33	3	0	0	0	0	0	6	1	400	700	800	700	500
680	1	"仑德 元素骑士"	127	300000	0	1200	1700	500	500	1000	310	3	0	2	7	500	1500	10	2	160	33	3	0	0	0	0	0	6	1	450	1000	1100	800	500
681	1	"Evomon"	1	1000	0	35	60	21	20	10	300	6	150	2	10	800	2000	120	2	10	0	6	0	254	254	254	254	0	0	75	0	0	0	0
682	1	"莫妮卡"	2	10	0	10	10	10	10	10	10	0	0	0	0	0	0	0	0	0	0	0	0	0	0	0	0	0	0	7	0	0	0	0
683	1	"摩尔塞"	2	10	0	10	10	10	10	10	10	0	0	0	0	0	0	0	0	0	0	0	0	0	0	0	0	0	0	7	0	0	0	0
684	1	"塞尔维亚"	2	10	0	10	10	10	10	10	10	0	0	0	0	0	0	0	0	0	0	0	0	0	0	0	0	0	0	7	0	0	0	0
685	1	"露茜"	2	50	0	15	30	70	70	10	30	0	0	0	5	400	1500	10	0	200	10	0	0	0	0	0	0	0	0	52	0	0	0	0
686	1	"苏菲"	20	1000	0	15	30	70	70	100	30	0	0	0	5	400	1500	10	0	200	10	0	0	0	0	0	0	0	0	52	0	0	0	0
687	1	"贝莱"	2	10	0	10	10	10	10	10	10	0	0	0	0	0	0	0	0	0	0	0	0	0	0	0	0	0	0	7	0	0	0	0
688	1	"克里斯丁"	2	10	0	10	10	10	10	10	10	0	0	0	0	0	0	0	0	0	0	0	0	0	0	0	0	0	0	7	0	0	0	0
689	1	"火焰 Trap"	80	1000	0	5000	6000	1400	1400	6000	4000	0	0	3	4	500	1000	3	1	200	10	0	0	0	0	0	0	0	0	0	0	0	0	0
690	1	"特殊Evo.mon"	1	24000000	0	2200	5500	1553	500	6000	300	6	150	7	10	800	2000	300	2	10	0	6	0	254	254	254	254	0	0	75	0	0	0	0
691	1	"新年马（绿色）"	100	10000	0	0	0	100	100	0	100	3	0	0	0	100	0	120	1	200	10	0	0	254	254	254	254	0	0	75	0	0	0	0
692	1	"新年马（黄色）"	100	10000	0	0	0	100	100	0	100	3	0	0	0	100	0	120	1	200	10	0	0	254	254	254	254	0	0	75	0	0	0	0
693	1	"新年马（棕色）"	100	10000	0	0	0	100	100	0	100	3	0	0	0	100	0	120	1	200	10	0	0	254	254	254	254	0	0	75	0	0	0	0
694	1	"新年马（蓝色）"	100	10000	0	0	0	100	100	0	100	3	0	0	0	100	0	120	1	200	10	0	0	254	254	254	254	0	0	75	0	0	0	0
695	1	"莱j"	2	10	0	10	10	10	1	10	10	0	0	0	0	0	0	0	0	0	0	0	0	0	0	0	0	0	0	7	0	0	0	0
704	1	"进化成功"	220	10	0	10	10	10	10	10	10	0	0	0	0	0	0	0	0	0	0	0	0	0	0	0	0	0	0	7	0	0	0	0
705	1	"进化失败"	220	10	0	10	10	10	10	10	10	0	0	0	0	0	0	0	0	0	0	0	0	0	0	0	0	0	0	7	0	0	0	0
706	1	"暗黑变身指环"	0	10	0	10	10	10	10	10	10	0	0	0	0	0	0	0	0	0	0	0	0	0	0	0	0	0	0	7	0	0	0	0
707	1	"魔法师的幻影"	147	5000000	0	2000	2500	1500	0	2000	1000	3	0	15	10	800	2000	10	2	100	0	4	0	100	254	100	100	0	0	1125	0	0	0	0
708	1	"Paralyze 结界"	80	1000	0	5000	6000	1400	1400	6000	4000	0	0	3	4	500	1000	3	1	200	10	0	0	0	0	0	0	0	0	0	0	0	0	0
709	1	"玛雅哥布林"	2	255	0	15	30	70	20	10	30	4	0	0	5	400	1500	10	2	200	10	0	0	0	0	0	0	0	0	52	0	0	0	0
710	1	"玛雅哥布林"	2	255	0	15	30	70	20	10	30	4	0	0	5	400	1500	10	2	200	10	0	0	0	0	0	0	0	0	52	0	0	0	0
711	1	"玛雅哥布林"	2	255	0	15	30	70	20	10	30	4	0	0	5	400	1500	10	2	200	10	0	0	0	0	0	0	0	0	52	0	0	0	0
712	1	"玛雅哥布林"	2	255	0	15	30	70	20	10	30	4	0	0	5	400	1500	10	2	200	10	0	0	0	0	0	0	0	0	52	0	0	0	0
713	1	"纳尔斯 恶魔佩里"	116	80000	0	820	855	770	770	1150	410	3	0	2	7	500	1500	10	2	160	33	3	0	0	0	0	0	6	1	520	860	890	1500	500
714	1	"纳尔斯 元素野兽"	118	90000	0	880	910	800	800	1150	420	3	0	2	7	500	1500	10	2	160	33	3	0	0	0	0	0	6	1	540	900	930	1600	515
715	1	"纳尔斯 元素骑士"	120	92000	0	920	950	830	830	1150	430	3	0	2	7	500	1500	10	2	160	33	3	0	0	0	0	0	6	1	560	940	980	1700	530
716	1	"马格里姆"	190	9750000	0	7500	8000	1650	1650	7400	5200	6	150	3	7	800	2000	86400	2	200	33	6	0	0	0	0	0	6	1	900	2500	3000	4400	970
717	1	"马格里姆"	2	4875000	0	7500	8000	1650	1650	7400	5200	6	0	3	7	800	2000	86400	2	200	33	6	0	0	0	0	0	6	1	900	2500	3000	4400	970
718	1	"马格里姆"	2	4875000	0	7500	8000	1650	1650	7400	5200	6	0	3	7	800	2000	86400	2	200	33	6	0	0	0	0	0	6	1	900	2500	3000	4400	970
719	1	"大天使的使者"	2	10	0	10	10	10	1	10	10	0	0	0	0	0	0	0	0	0	0	0	0	0	0	0	0	0	0	7	0	0	0	0
720	1	"卡隆"	2	10	0	10	10	10	1	10	10	0	0	0	0	0	0	0	0	0	0	0	0	0	0	0	0	0	0	7	0	0	0	0
721	1	"辅佐官 杰林特"	2	10	0	10	10	10	1	10	10	0	0	0	0	0	0	0	0	0	0	0	0	0	0	0	0	0	0	7	0	0	0	0
722	1	"弥拉丘"	2	10	0	10	10	10	1	10	10	0	0	0	0	0	0	0	0	0	0	0	0	0	0	0	0	0	0	7	0	0	0	0
723	1	"陆迦德"	2	10	0	10	10	10	1	10	10	0	0	0	0	0	0	0	0	0	0	0	0	0	0	0	0	0	0	7	0	0	0	0
724	1	"玛雅哥布林"	2	10	0	10	10	10	1	10	10	0	0	0	0	0	0	0	0	0	0	0	0	0	0	0	0	0	0	7	0	0	0	0
725	1	"祭司 詹姆斯"	2	10	0	10	10	10	1	10	10	0	0	0	0	0	0	0	0	0	0	0	0	0	0	0	0	0	0	7	0	0	0	0
726	1	"墨菲斯"	110	10	0	10	10	10	10	10	10	0	0	0	0	0	0	0	0	0	0	0	0	0	0	0	0	0	0	7	0	0	0	0
727	1	"萨提尔"	110	10	0	10	10	10	10	10	10	0	0	0	0	0	0	0	0	0	0	0	0	0	0	0	0	0	0	7	0	0	0	0
728	1	"门迪斯"	110	10	0	10	10	10	10	10	10	0	0	0	0	0	0	0	0	0	0	0	0	0	0	0	0	0	0	7	0	0	0	0
729	1	"阿兹勒"	110	10	0	10	10	10	10	10	10	0	0	0	0	0	0	0	0	0	0	0	0	0	0	0	0	0	0	7	0	0	0	0
730	1	"菲利亚骑士"	121	105000	0	1400	1450	1225	770	1150	410	3	0	2	7	500	1500	10	2	160	33	3	0	0	0	0	0	6	1	520	860	890	1500	500
731	1	"菲利亚弓箭手"	122	98000	0	1500	1600	1180	800	1150	420	3	0	2	7	500	1500	10	2	160	33	3	0	0	0	0	0	6	1	540	900	930	1600	515
732	1	"菲利亚格斗家"	123	120000	0	1250	1300	1355	830	1150	430	3	0	2	7	500	1500	10	2	160	33	3	0	0	0	0	0	6	1	560	940	980	1700	530
733	1	"菲利亚将军"	130	5000000	0	2500	3300	2050	1770	1150	410	3	0	2	7	500	1500	10	2	160	33	3	0	0	0	0	0	6	1	520	860	890	1500	500
734	1	"菲利亚君主"	190	25000000	0	4500	5000	3050	1800	1150	420	3	0	2	7	500	1500	86400	2	160	33	3	0	0	0	0	0	6	1	540	900	930	1600	515
735	1	"菲利亚水晶球"	100	500000	0	920	950	830	830	1150	430	3	0	2	7	500	1500	300	2	160	33	3	0	0	0	0	0	6	1	560	940	980	1700	530
736	1	"菲利亚骑士"	121	105000	0	1400	1450	1225	770	1150	410	3	0	2	7	500	1500	10	2	160	33	3	0	0	0	0	0	6	1	520	860	890	1500	500
737	1	"菲利亚弓箭手"	122	98000	0	1500	1600	1180	800	1150	420	3	0	2	7	500	1500	10	2	160	33	3	0	0	0	0	0	6	1	540	900	930	1600	515
738	1	"菲利亚格斗家"	123	120000	0	1250	1300	1355	830	1150	430	3	0	2	7	500	1500	10	2	160	33	3	0	0	0	0	0	6	1	560	940	980	1700	530
739	1	"水猿大圣(绿色)"	110	10	0	10	10	10	10	10	10	0	0	0	0	0	0	0	0	0	0	0	0	0	0	0	0	0	0	7	0	0	0	0
740	1	"超天大圣(白色)"	110	10	0	10	10	10	10	10	10	0	0	0	0	0	0	0	0	0	0	0	0	0	0	0	0	0	0	7	0	0	0	0
741	1	"通天大圣(紫色)"	110	10	0	10	10	10	10	10	10	0	0	0	0	0	0	0	0	0	0	0	0	0	0	0	0	0	0	7	0	0	0	0
742	1	"齐天大圣(红色)"	110	10	0	10	10	10	10	10	10	0	0	0	0	0	0	0	0	0	0	0	0	0	0	0	0	0	0	7	0	0	0	0
743	1	"帕拉卡斯"	131	240000	0	2500	2550	1800	1800	2300	700	3	0	2	7	800	1000	10	2	190	33	3	0	0	0	0	0	6	1	930	1110	2400	750	1500
744	1	"巴斯基"	127	120000	0	1500	1600	1400	1400	2300	740	3	0	2	7	800	800	10	2	190	33	3	0	0	0	0	0	6	1	960	990	2500	775	1500
745	1	"贝丝"	129	125000	0	3100	3200	1500	1500	2300	720	3	0	2	7	800	2000	10	2	190	33	3	0	0	0	0	0	6	1	1200	1300	2900	790	1500
746	1	"尼克斯"	198	30000000	0	10000	12000	3000	3000	10000	6950	9	150	6	9	500	1000	86400	2	250	33	6	0	0	0	0	0	6	1	5000	4500	5800	2140	1950
747	1	"水晶石"	2	13000000	0	10	10	10	1	10	10	0	0	0	0	0	0	0	0	0	0	0	0	0	0	0	0	0	2	0	0	0	0	7
748	1	"尼克斯精神"	2	90000000	0	10	10	1000000	100000	10	1000000	0	0	0	0	0	0	0	0	0	0	0	0	0	0	0	0	0	0	100000	0	0	0	100000
749	1	"埃琳娜"	2	10	0	10	10	10	1	10	10	0	0	0	0	0	0	0	0	0	0	0	0	0	0	0	0	0	0	0	0	0	0	7
750	1	"门上"	10	50	0	0	0	0	0	0	0	0	0	0	0	0	0	0	2	0	0	0	0	0	0	0	0	0	0	0	0	0	0	0
751	1	"门下"	10	50	0	0	0	0	0	0	0	0	0	0	0	0	0	0	2	0	0	0	0	0	0	0	0	0	0	0	0	0	0	0
752	1	"门左"	10	50	0	0	0	0	0	0	0	0	0	0	0	0	0	0	2	0	0	0	0	0	0	0	0	0	0	0	0	0	0	0
753	1	"门右"	10	50	0	0	0	0	0	0	0	0	0	0	0	0	0	0	2	0	0	0	0	0	0	0	0	0	0	0	0	0	0	0
754	1	"昆顿的剑士"	125	80	0	4	5	7	0	1000	100	3	17	2	5	500	1500	10	1	100	20	3	0	27	27	27	27	0	0	0	0	0	0	587
755	1	"昆顿的士兵"	130	65	0	4	5	7	0	1000	100	3	17	6	7	500	1500	10	1	100	20	3	0	28	28	28	28	0	0	0	0	0	0	648
756	1	"昆顿的皇家骑士"	135	70	0	4	5	7	0	1000	100	3	17	6	7	500	1600	10	1	100	20	4	0	29	29	29	29	0	0	0	0	0	0	744
757	1	"昆顿的统治者"	140	600	0	80	85	45	0	1000	100	3	150	10	7	800	1700	10800	1	100	20	4	0	60	60	60	60	0	0	0	0	0	0	669
758	1	"迷宫入口"	149	25000	0	0	0	100	0	0	100	3	0	0	1	100	0	120	1	200	10	0	0	254	254	254	254	0	0	0	0	0	0	75
759	1	"绿色的公鸡"	149	25000	0	0	0	100	0	0	100	3	0	0	1	100	0	120	1	200	10	0	0	254	254	254	254	0	0	0	0	0	0	75
760	1	"白色的公鸡"	149	25000	0	0	0	100	0	0	100	3	0	0	1	100	0	120	1	200	10	0	0	254	254	254	254	0	0	0	0	0	0	75
761	1	"紫色的公鸡"	149	25000	0	0	0	100	0	0	100	3	0	0	1	100	0	120	1	200	10	0	0	254	254	254	254	0	0	0	0	0	0	75
762	1	"红色的公鸡"	149	25000	0	0	0	100	0	0	100	3	0	0	1	100	0	120	1	200	10	0	0	254	254	254	254	0	0	0	0	0	0	75
763	1	"分(Monster)"	128	1500000	0	800	900	900	0	1500	400	6	0	6	10	700	1700	10	2	150	46	3	0	23	254	23	23	0	0	675	0	0	0	0
764	1	"分(城镇)"	2	10	0	10	10	10	1	10	10	0	0	0	0	0	0	0	0	0	0	0	0	0	0	0	0	0	0	7	0	0	0	0
765	1	"分(客栈入口)"	2	10	0	10	10	10	1	10	10	0	0	0	0	0	0	0	0	0	0	0	0	0	0	0	0	0	0	7	0	0	0	0
766	1	"分(任务)"	2	10	0	10	10	10	1	10	10	0	0	0	0	0	0	0	0	0	0	0	0	0	0	0	0	0	0	7	0	0	0	0
767	1	"深渊地牢骷髅战士"	170	29000	0	475	510	440	1500	570	250	3	0	2	3	400	2000	10	2	190	46	3	0	23	25	23	23	6	1	0	0	0	0	330
768	1	"深渊地牢骷髅弓箭手"	170	32000	0	1510	1555	1480	1500	640	260	3	0	5	7	400	1600	10	2	190	46	3	0	23	25	23	23	6	1	2000	2000	2500	700	1360
769	1	"深渊地牢骷髅队长"	260	32000	0	1610	1655	1580	1500	740	360	3	0	5	7	400	1600	10	2	190	46	3	0	23	25	23	23	6	1	2000	2000	2540	700	1360
770	1	"深渊地牢毒虫"	170	20750	0	1590	1595	1531	1500	125	31	3	0	2	4	400	1800	10	2	190	46	3	0	23	25	23	23	6	1	2000	2000	2500	700	1523
771	1	"深渊地牢独眼巨人"	170	22850	0	1500	1505	1535	1500	140	35	3	0	2	4	400	1600	10	2	190	46	3	0	23	25	23	23	6	1	2000	2000	2500	700	1526
772	1	"深渊地牢幽灵"	200	30000	0	1510	1515	1550	1500	160	39	3	0	2	5	400	1400	10	2	200	46	3	0	23	25	23	23	6	1	2000	2000	2500	700	1530
773	1	"深渊地牢地狱猎犬"	230	34000	0	1525	1530	1555	1500	190	45	3	0	2	4	400	1200	10	2	160	46	3	0	23	25	23	23	6	1	2000	2200	2500	700	1541
774	1	"深渊地牢蜘蛛"	230	36000	0	1530	1535	1560	1500	200	47	3	0	4	7	400	1600	10	2	150	46	3	0	23	25	23	23	6	1	2000	2200	2500	700	1545
775	1	"深渊地牢死灵法师"	290	42000	0	1540	1545	1570	1500	220	55	3	3	4	7	400	2200	10	2	130	46	3	0	23	25	23	23	6	1	2000	2300	2500	700	1552
776	1	"深渊地牢毒牛"	290	45000	0	2000	1500	1500	1500	230	61	3	1	2	5	400	1400	5	2	150	46	3	0	23	25	23	23	6	1	2300	2700	3300	800	1500
777	1	"深渊地牢暗黑骑士"	290	45000	0	150	155	80	0	240	70	3	0	2	5	400	1400	10	2	150	46	3	0	23	25	23	23	0	0	0	0	0	0	60
778	1	"深渊地牢戈登"	300	46000	0	165	175	100	0	275	82	3	0	2	7	400	1600	86400	2	120	46	3	0	23	25	23	23	0	0	0	0	0	0	75
779	1	"血色军团"	117	97300	0	805	845	660	0	920	345	3	0	6	7	500	1500	10	2	120	46	3	0	23	25	23	23	0	0	0	0	0	0	495
780	1	"倪克隆"	125	125000	0	951	996	783	0	1015	405	3	0	3	5	500	1500	10	2	100	46	3	0	23	25	23	23	0	0	0	0	0	0	587
781	1	"巴尔拉姆"	134	90000	0	600	700	500	0	1500	82	6	0	7	7	700	1700	10	2	120	46	3	0	23	25	23	23	0	0	0	0	0	0	375
782	1	"索莱尔"	134	100000	0	600	700	500	0	1500	345	6	0	4	7	700	1700	10	2	120	46	3	0	23	25	23	23	0	0	0	0	0	0	375
783	1	"塞佩女王"	131	218000	0	1441	2017	670	0	1847	405	4	0	3	9	700	2550	8	2	110	46	3	0	23	25	23	23	0	0	0	0	0	0	502
784	1	"冰雪奈佩"	135	230000	0	1585	2060	730	0	1544	370	4	0	3	9	700	2500	8	2	100	46	3	0	23	25	23	23	0	0	0	0	0	0	547
785	1	"黑暗钢铁骑士"	148	265000	0	2217	2061	860	0	2441	397	3	0	3	8	700	2500	10	2	190	46	4	0	23	25	23	23	0	0	0	0	0	0	645
786	1	"黑暗狂暴战士"	275	218000	0	1441	2017	670	0	1847	875	4	0	4	9	700	2550	8	2	190	46	4	0	23	25	23	23	0	0	0	0	0	0	502
787	1	"黑暗巨人战士"	275	230000	0	1585	2060	730	0	1544	903	4	0	4	9	700	2500	8	2	190	46	3	0	23	25	23	23	0	0	0	0	0	0	547
788	1	"黑暗邪恶女王"	275	242000	0	1743	2092	700	0	1646	990	4	0	4	9	700	2500	8	2	160	46	4	0	23	25	23	23	0	0	0	0	0	0	525
789	1	"黑暗影子武士"	275	385000	0	1917	2301	740	0	1140	1135	4	0	4	9	700	2000	8	2	250	46	6	0	23	25	23	23	0	0	0	0	0	0	555
790	1	"黑暗寒冰耐皮"	275	120000	0	1500	1600	1400	1400	2300	740	3	0	3	7	800	800	10	2	150	46	3	0	23	25	23	23	6	1	960	990	2500	775	1500
791	1	"黑暗血色亡灵"	275	125000	0	3100	3200	1500	1500	2300	720	3	0	3	7	800	2000	10	2	150	46	3	0	23	25	23	23	6	1	1200	1300	2900	790	1500
792	1	"黑暗血色亡灵"	275	125000	0	3100	3200	1500	1500	2300	720	3	0	3	7	800	2000	10	2	150	46	3	0	23	25	23	23	6	1	1200	1300	2900	790	1500
793	1	"黑暗寒冰武士"	275	8200000		0	5100	5100	1055	1055	5300	3520	3	0	3	7	500	1500	10	2	150	46	3	0	23	25	23	23	6	1	890	890	1900	690	720
794	1	"暗黑破坏神"	300	45000000	0	10000	12000	3000	3000	10000	6950	9	0	5	9	500	1000	86400	2	150	46	6	0	23	25	23	23	6	1	5000	4500	5800	2140	1950
end