//############################################
// POWERED BY MU ENGINE                                    //
//                    WWW.MUENGINE.ORG                      //
//###########################################

//[Lorencia] Pasi The Mage
//Type	Index	Level	Dur	Skill	Luck	Option						
						
15	3	0	1	0	0	0 	//파이어볼법서
15	10	0	1	0	0	0 	//파워웨이브법서
15	2	0	1	0	0	0 	//번개법서
15	1	0	1	0	0	0 	//운석법서
15	5	0	1	0	0	0 	//순간이동법서
15	6	0	1	0	0	0 	//얼음법서
15	0	0	1	0	0	0 	//포이즌법서
// 구슬류							
12	13	0	1	0	0	0 	//창찌르기구슬
12	7	0	1	0	0	0 	//회오리베기구슬
// 일반 방어구류							
7	2	0	0	0	1	1 	//패드투구
8	2	0	0	0	1	1 	//패드갑옷
9	2	0	0	0	1	1 	//패드바지
10	2	0	0	0	1	1 	//패드장갑
11	2	0	0	0	1	1 	//패드부츠
7	4	2	0	0	1	1 	//뼈헬멧
8	4	2	0	0	1	1 	//뼈갑옷
9	4	2	0	0	1	1 	//뼈바지
10	4	2	0	0	1	1 	//뼈장갑
11	4	2	0	0	1	1 	//뼈부츠
7	7	3	0	0	1	1 	//스핑크스마스크
8	7	3	0	0	1	1 	//스핑크스갑옷
9	7	3	0	0	1	1 	//스핑크스바지
10	7	3	0	0	1	1 	//스핑크스장갑
11	7	3	0	0	1	1 	//스핑크스부츠
// 일반 무기류							
5	3	3	0	0	1	1 	//번개지팡이
5	0	0	0	0	1	1 	//해골지팡이
5	1	2	0	0	1	1 	//천사지팡이
5	2	3	0	0	1	1 	//독사지팡이
end
